# z - 10^17 eV - 10^18 eV - 10^19 eV - 10^20 eV - 10^21 eV
1.000000e-04	1.000100e+00	1.000143e+00	1.000481e+00	1.006864e+00	1.028036e+00	
1.011591e-04	1.000101e+00	1.000144e+00	1.000487e+00	1.006944e+00	1.028366e+00	
1.023317e-04	1.000102e+00	1.000146e+00	1.000492e+00	1.007025e+00	1.028699e+00	
1.035178e-04	1.000104e+00	1.000148e+00	1.000498e+00	1.007107e+00	1.029036e+00	
1.047177e-04	1.000105e+00	1.000150e+00	1.000504e+00	1.007190e+00	1.029378e+00	
1.059315e-04	1.000106e+00	1.000151e+00	1.000510e+00	1.007274e+00	1.029723e+00	
1.071593e-04	1.000107e+00	1.000153e+00	1.000516e+00	1.007359e+00	1.030073e+00	
1.084014e-04	1.000108e+00	1.000155e+00	1.000522e+00	1.007445e+00	1.030426e+00	
1.096579e-04	1.000110e+00	1.000157e+00	1.000528e+00	1.007532e+00	1.030784e+00	
1.109290e-04	1.000111e+00	1.000158e+00	1.000534e+00	1.007620e+00	1.031146e+00	
1.122148e-04	1.000112e+00	1.000160e+00	1.000540e+00	1.007709e+00	1.031513e+00	
1.135155e-04	1.000114e+00	1.000162e+00	1.000546e+00	1.007799e+00	1.031884e+00	
1.148312e-04	1.000115e+00	1.000164e+00	1.000552e+00	1.007890e+00	1.032259e+00	
1.161623e-04	1.000116e+00	1.000166e+00	1.000559e+00	1.007982e+00	1.032639e+00	
1.175087e-04	1.000118e+00	1.000168e+00	1.000565e+00	1.008075e+00	1.033023e+00	
1.188708e-04	1.000119e+00	1.000170e+00	1.000572e+00	1.008169e+00	1.033412e+00	
1.202486e-04	1.000120e+00	1.000172e+00	1.000579e+00	1.008265e+00	1.033806e+00	
1.216424e-04	1.000122e+00	1.000174e+00	1.000585e+00	1.008362e+00	1.034204e+00	
1.230524e-04	1.000123e+00	1.000176e+00	1.000592e+00	1.008459e+00	1.034607e+00	
1.244787e-04	1.000124e+00	1.000178e+00	1.000599e+00	1.008558e+00	1.035015e+00	
1.259216e-04	1.000126e+00	1.000180e+00	1.000606e+00	1.008658e+00	1.035428e+00	
1.273811e-04	1.000127e+00	1.000182e+00	1.000613e+00	1.008759e+00	1.035845e+00	
1.288576e-04	1.000129e+00	1.000184e+00	1.000620e+00	1.008862e+00	1.036268e+00	
1.303512e-04	1.000130e+00	1.000186e+00	1.000627e+00	1.008966e+00	1.036696e+00	
1.318621e-04	1.000132e+00	1.000188e+00	1.000634e+00	1.009070e+00	1.037129e+00	
1.333906e-04	1.000133e+00	1.000191e+00	1.000642e+00	1.009177e+00	1.037567e+00	
1.349367e-04	1.000135e+00	1.000193e+00	1.000649e+00	1.009284e+00	1.038010e+00	
1.365008e-04	1.000137e+00	1.000195e+00	1.000657e+00	1.009393e+00	1.038459e+00	
1.380830e-04	1.000138e+00	1.000197e+00	1.000664e+00	1.009502e+00	1.038913e+00	
1.396835e-04	1.000140e+00	1.000199e+00	1.000672e+00	1.009614e+00	1.039373e+00	
1.413026e-04	1.000141e+00	1.000202e+00	1.000680e+00	1.009726e+00	1.039838e+00	
1.429405e-04	1.000143e+00	1.000204e+00	1.000688e+00	1.009840e+00	1.040309e+00	
1.445973e-04	1.000145e+00	1.000207e+00	1.000696e+00	1.009955e+00	1.040785e+00	
1.462733e-04	1.000146e+00	1.000209e+00	1.000704e+00	1.010072e+00	1.041267e+00	
1.479688e-04	1.000148e+00	1.000211e+00	1.000712e+00	1.010190e+00	1.041755e+00	
1.496839e-04	1.000150e+00	1.000214e+00	1.000720e+00	1.010309e+00	1.042249e+00	
1.514189e-04	1.000151e+00	1.000216e+00	1.000729e+00	1.010430e+00	1.042749e+00	
1.531740e-04	1.000153e+00	1.000219e+00	1.000737e+00	1.010552e+00	1.043254e+00	
1.549495e-04	1.000155e+00	1.000221e+00	1.000746e+00	1.010676e+00	1.043766e+00	
1.567455e-04	1.000157e+00	1.000224e+00	1.000754e+00	1.010801e+00	1.044284e+00	
1.585624e-04	1.000159e+00	1.000226e+00	1.000763e+00	1.010927e+00	1.044809e+00	
1.604003e-04	1.000160e+00	1.000229e+00	1.000772e+00	1.011055e+00	1.045339e+00	
1.622595e-04	1.000162e+00	1.000232e+00	1.000781e+00	1.011185e+00	1.045876e+00	
1.641403e-04	1.000164e+00	1.000234e+00	1.000790e+00	1.011316e+00	1.046420e+00	
1.660429e-04	1.000166e+00	1.000237e+00	1.000799e+00	1.011449e+00	1.046970e+00	
1.679675e-04	1.000168e+00	1.000240e+00	1.000808e+00	1.011583e+00	1.047527e+00	
1.699144e-04	1.000170e+00	1.000243e+00	1.000818e+00	1.011719e+00	1.048091e+00	
1.718839e-04	1.000172e+00	1.000245e+00	1.000827e+00	1.011856e+00	1.048661e+00	
1.738762e-04	1.000174e+00	1.000248e+00	1.000837e+00	1.011995e+00	1.049238e+00	
1.758917e-04	1.000176e+00	1.000251e+00	1.000846e+00	1.012136e+00	1.049823e+00	
1.779304e-04	1.000178e+00	1.000254e+00	1.000856e+00	1.012278e+00	1.050414e+00	
1.799929e-04	1.000180e+00	1.000257e+00	1.000866e+00	1.012422e+00	1.051013e+00	
1.820792e-04	1.000182e+00	1.000260e+00	1.000876e+00	1.012568e+00	1.051618e+00	
1.841897e-04	1.000184e+00	1.000263e+00	1.000886e+00	1.012716e+00	1.052232e+00	
1.863246e-04	1.000186e+00	1.000266e+00	1.000897e+00	1.012865e+00	1.052852e+00	
1.884843e-04	1.000188e+00	1.000269e+00	1.000907e+00	1.013016e+00	1.053481e+00	
1.906691e-04	1.000191e+00	1.000272e+00	1.000918e+00	1.013169e+00	1.054117e+00	
1.928792e-04	1.000193e+00	1.000275e+00	1.000928e+00	1.013324e+00	1.054760e+00	
1.951148e-04	1.000195e+00	1.000279e+00	1.000939e+00	1.013480e+00	1.055412e+00	
1.973764e-04	1.000197e+00	1.000282e+00	1.000950e+00	1.013638e+00	1.056071e+00	
1.996642e-04	1.000200e+00	1.000285e+00	1.000961e+00	1.013799e+00	1.056739e+00	
2.019786e-04	1.000202e+00	1.000288e+00	1.000972e+00	1.013961e+00	1.057415e+00	
2.043197e-04	1.000204e+00	1.000292e+00	1.000983e+00	1.014125e+00	1.058099e+00	
2.066880e-04	1.000207e+00	1.000295e+00	1.000995e+00	1.014291e+00	1.058791e+00	
2.090838e-04	1.000209e+00	1.000299e+00	1.001006e+00	1.014459e+00	1.059492e+00	
2.115073e-04	1.000212e+00	1.000302e+00	1.001018e+00	1.014629e+00	1.060201e+00	
2.139589e-04	1.000214e+00	1.000306e+00	1.001030e+00	1.014801e+00	1.060919e+00	
2.164389e-04	1.000216e+00	1.000309e+00	1.001042e+00	1.014975e+00	1.061646e+00	
2.189477e-04	1.000219e+00	1.000313e+00	1.001054e+00	1.015152e+00	1.062382e+00	
2.214855e-04	1.000221e+00	1.000316e+00	1.001066e+00	1.015330e+00	1.063126e+00	
2.240528e-04	1.000224e+00	1.000320e+00	1.001078e+00	1.015510e+00	1.063880e+00	
2.266498e-04	1.000227e+00	1.000324e+00	1.001091e+00	1.015693e+00	1.064644e+00	
2.292769e-04	1.000229e+00	1.000327e+00	1.001104e+00	1.015878e+00	1.065416e+00	
2.319345e-04	1.000232e+00	1.000331e+00	1.001116e+00	1.016065e+00	1.066198e+00	
2.346229e-04	1.000235e+00	1.000335e+00	1.001129e+00	1.016254e+00	1.066990e+00	
2.373424e-04	1.000237e+00	1.000339e+00	1.001142e+00	1.016446e+00	1.067792e+00	
2.400935e-04	1.000240e+00	1.000343e+00	1.001156e+00	1.016639e+00	1.068603e+00	
2.428764e-04	1.000243e+00	1.000347e+00	1.001169e+00	1.016835e+00	1.069425e+00	
2.456916e-04	1.000246e+00	1.000351e+00	1.001183e+00	1.017034e+00	1.070256e+00	
2.485395e-04	1.000249e+00	1.000355e+00	1.001196e+00	1.017235e+00	1.071098e+00	
2.514203e-04	1.000251e+00	1.000359e+00	1.001210e+00	1.017438e+00	1.071950e+00	
2.543346e-04	1.000254e+00	1.000363e+00	1.001224e+00	1.017644e+00	1.072813e+00	
2.572826e-04	1.000257e+00	1.000368e+00	1.001238e+00	1.017852e+00	1.073687e+00	
2.602648e-04	1.000260e+00	1.000372e+00	1.001253e+00	1.018063e+00	1.074571e+00	
2.632815e-04	1.000263e+00	1.000376e+00	1.001267e+00	1.018276e+00	1.075466e+00	
2.663333e-04	1.000266e+00	1.000380e+00	1.001282e+00	1.018491e+00	1.076373e+00	
2.694204e-04	1.000269e+00	1.000385e+00	1.001297e+00	1.018710e+00	1.077290e+00	
2.725433e-04	1.000273e+00	1.000389e+00	1.001312e+00	1.018931e+00	1.078219e+00	
2.757023e-04	1.000276e+00	1.000394e+00	1.001327e+00	1.019154e+00	1.079160e+00	
2.788980e-04	1.000279e+00	1.000398e+00	1.001343e+00	1.019381e+00	1.080112e+00	
2.821308e-04	1.000282e+00	1.000403e+00	1.001358e+00	1.019610e+00	1.081077e+00	
2.854010e-04	1.000285e+00	1.000408e+00	1.001374e+00	1.019842e+00	1.082053e+00	
2.887091e-04	1.000289e+00	1.000412e+00	1.001390e+00	1.020076e+00	1.083041e+00	
2.920556e-04	1.000292e+00	1.000417e+00	1.001406e+00	1.020314e+00	1.084042e+00	
2.954408e-04	1.000295e+00	1.000422e+00	1.001422e+00	1.020554e+00	1.085056e+00	
2.988653e-04	1.000299e+00	1.000427e+00	1.001439e+00	1.020797e+00	1.086082e+00	
3.023295e-04	1.000302e+00	1.000432e+00	1.001455e+00	1.021043e+00	1.087120e+00	
3.058338e-04	1.000306e+00	1.000437e+00	1.001472e+00	1.021292e+00	1.088172e+00	
3.093788e-04	1.000309e+00	1.000442e+00	1.001489e+00	1.021545e+00	1.089237e+00	
3.129648e-04	1.000313e+00	1.000447e+00	1.001507e+00	1.021800e+00	1.090316e+00	
3.165924e-04	1.000317e+00	1.000452e+00	1.001524e+00	1.022058e+00	1.091408e+00	
3.202621e-04	1.000320e+00	1.000458e+00	1.001542e+00	1.022319e+00	1.092514e+00	
3.239743e-04	1.000324e+00	1.000463e+00	1.001560e+00	1.022584e+00	1.093633e+00	
3.277295e-04	1.000328e+00	1.000468e+00	1.001578e+00	1.022852e+00	1.094767e+00	
3.315282e-04	1.000332e+00	1.000474e+00	1.001596e+00	1.023123e+00	1.095915e+00	
3.353710e-04	1.000335e+00	1.000479e+00	1.001615e+00	1.023397e+00	1.097078e+00	
3.392583e-04	1.000339e+00	1.000485e+00	1.001633e+00	1.023675e+00	1.098255e+00	
3.431907e-04	1.000343e+00	1.000490e+00	1.001652e+00	1.023956e+00	1.099447e+00	
3.471687e-04	1.000347e+00	1.000496e+00	1.001672e+00	1.024240e+00	1.100655e+00	
3.511928e-04	1.000351e+00	1.000502e+00	1.001691e+00	1.024528e+00	1.101877e+00	
3.552635e-04	1.000355e+00	1.000508e+00	1.001711e+00	1.024819e+00	1.103115e+00	
3.593814e-04	1.000359e+00	1.000513e+00	1.001730e+00	1.025114e+00	1.104369e+00	
3.635470e-04	1.000364e+00	1.000519e+00	1.001751e+00	1.025413e+00	1.105639e+00	
3.677609e-04	1.000368e+00	1.000525e+00	1.001771e+00	1.025715e+00	1.106925e+00	
3.720237e-04	1.000372e+00	1.000531e+00	1.001791e+00	1.026021e+00	1.108227e+00	
3.763358e-04	1.000376e+00	1.000538e+00	1.001812e+00	1.026330e+00	1.109546e+00	
3.806980e-04	1.000381e+00	1.000544e+00	1.001833e+00	1.026643e+00	1.110882e+00	
3.851107e-04	1.000385e+00	1.000550e+00	1.001854e+00	1.026961e+00	1.112235e+00	
3.895746e-04	1.000390e+00	1.000557e+00	1.001876e+00	1.027282e+00	1.113605e+00	
3.940902e-04	1.000394e+00	1.000563e+00	1.001898e+00	1.027607e+00	1.114993e+00	
3.986581e-04	1.000399e+00	1.000570e+00	1.001920e+00	1.027936e+00	1.116398e+00	
4.032790e-04	1.000403e+00	1.000576e+00	1.001942e+00	1.028269e+00	1.117822e+00	
4.079535e-04	1.000408e+00	1.000583e+00	1.001965e+00	1.028606e+00	1.119264e+00	
4.126821e-04	1.000413e+00	1.000590e+00	1.001987e+00	1.028947e+00	1.120724e+00	
4.174655e-04	1.000417e+00	1.000596e+00	1.002010e+00	1.029292e+00	1.122203e+00	
4.223044e-04	1.000422e+00	1.000603e+00	1.002034e+00	1.029642e+00	1.123702e+00	
4.271994e-04	1.000427e+00	1.000610e+00	1.002057e+00	1.029996e+00	1.125219e+00	
4.321511e-04	1.000432e+00	1.000617e+00	1.002081e+00	1.030354e+00	1.126757e+00	
4.371602e-04	1.000437e+00	1.000625e+00	1.002105e+00	1.030717e+00	1.128314e+00	
4.422274e-04	1.000442e+00	1.000632e+00	1.002130e+00	1.031084e+00	1.129891e+00	
4.473533e-04	1.000447e+00	1.000639e+00	1.002155e+00	1.031455e+00	1.131488e+00	
4.525386e-04	1.000453e+00	1.000647e+00	1.002180e+00	1.031832e+00	1.133106e+00	
4.577841e-04	1.000458e+00	1.000654e+00	1.002205e+00	1.032212e+00	1.134745e+00	
4.630903e-04	1.000463e+00	1.000662e+00	1.002231e+00	1.032598e+00	1.136405e+00	
4.684580e-04	1.000468e+00	1.000669e+00	1.002256e+00	1.032988e+00	1.138087e+00	
4.738880e-04	1.000474e+00	1.000677e+00	1.002283e+00	1.033383e+00	1.139794e+00	
4.793808e-04	1.000479e+00	1.000685e+00	1.002309e+00	1.033783e+00	1.141522e+00	
4.849374e-04	1.000485e+00	1.000693e+00	1.002336e+00	1.034188e+00	1.143273e+00	
4.905584e-04	1.000491e+00	1.000701e+00	1.002363e+00	1.034598e+00	1.145047e+00	
4.962445e-04	1.000496e+00	1.000709e+00	1.002390e+00	1.035014e+00	1.146845e+00	
5.019965e-04	1.000502e+00	1.000717e+00	1.002418e+00	1.035434e+00	1.148666e+00	
5.078152e-04	1.000508e+00	1.000726e+00	1.002446e+00	1.035859e+00	1.150511e+00	
5.137014e-04	1.000514e+00	1.000734e+00	1.002475e+00	1.036290e+00	1.152380e+00	
5.196557e-04	1.000520e+00	1.000743e+00	1.002503e+00	1.036726e+00	1.154275e+00	
5.256791e-04	1.000526e+00	1.000751e+00	1.002532e+00	1.037168e+00	1.156194e+00	
5.317723e-04	1.000532e+00	1.000760e+00	1.002562e+00	1.037615e+00	1.158139e+00	
5.379362e-04	1.000538e+00	1.000769e+00	1.002592e+00	1.038067e+00	1.160109e+00	
5.441714e-04	1.000544e+00	1.000778e+00	1.002622e+00	1.038526e+00	1.162106e+00	
5.504790e-04	1.000550e+00	1.000787e+00	1.002652e+00	1.038990e+00	1.164129e+00	
5.568596e-04	1.000557e+00	1.000796e+00	1.002683e+00	1.039459e+00	1.166180e+00	
5.633143e-04	1.000563e+00	1.000805e+00	1.002714e+00	1.039935e+00	1.168258e+00	
5.698437e-04	1.000570e+00	1.000814e+00	1.002746e+00	1.040417e+00	1.170363e+00	
5.764488e-04	1.000576e+00	1.000824e+00	1.002778e+00	1.040904e+00	1.172497e+00	
5.831305e-04	1.000583e+00	1.000833e+00	1.002810e+00	1.041398e+00	1.174659e+00	
5.898896e-04	1.000590e+00	1.000843e+00	1.002842e+00	1.041898e+00	1.176851e+00	
5.967271e-04	1.000597e+00	1.000853e+00	1.002875e+00	1.042404e+00	1.179072e+00	
6.036439e-04	1.000604e+00	1.000863e+00	1.002909e+00	1.042917e+00	1.181323e+00	
6.106408e-04	1.000611e+00	1.000873e+00	1.002943e+00	1.043436e+00	1.183604e+00	
6.177188e-04	1.000618e+00	1.000883e+00	1.002977e+00	1.043962e+00	1.185916e+00	
6.248788e-04	1.000625e+00	1.000893e+00	1.003011e+00	1.044494e+00	1.188260e+00	
6.321218e-04	1.000632e+00	1.000903e+00	1.003046e+00	1.045033e+00	1.190635e+00	
6.394488e-04	1.000639e+00	1.000914e+00	1.003082e+00	1.045579e+00	1.193043e+00	
6.468608e-04	1.000647e+00	1.000924e+00	1.003117e+00	1.046132e+00	1.195483e+00	
6.543586e-04	1.000654e+00	1.000935e+00	1.003154e+00	1.046691e+00	1.197957e+00	
6.619433e-04	1.000662e+00	1.000946e+00	1.003190e+00	1.047258e+00	1.200464e+00	
6.696160e-04	1.000670e+00	1.000957e+00	1.003227e+00	1.047832e+00	1.203006e+00	
6.773776e-04	1.000677e+00	1.000968e+00	1.003265e+00	1.048414e+00	1.205583e+00	
6.852292e-04	1.000685e+00	1.000979e+00	1.003303e+00	1.049002e+00	1.208198e+00	
6.931717e-04	1.000693e+00	1.000991e+00	1.003341e+00	1.049598e+00	1.210846e+00	
7.012064e-04	1.000701e+00	1.001002e+00	1.003380e+00	1.050202e+00	1.213532e+00	
7.093341e-04	1.000709e+00	1.001014e+00	1.003419e+00	1.050814e+00	1.216254e+00	
7.175561e-04	1.000718e+00	1.001026e+00	1.003459e+00	1.051433e+00	1.219015e+00	
7.258734e-04	1.000726e+00	1.001037e+00	1.003499e+00	1.052060e+00	1.221814e+00	
7.342870e-04	1.000734e+00	1.001050e+00	1.003540e+00	1.052696e+00	1.224651e+00	
7.427982e-04	1.000743e+00	1.001062e+00	1.003581e+00	1.053339e+00	1.227529e+00	
7.514081e-04	1.000751e+00	1.001074e+00	1.003623e+00	1.053991e+00	1.230446e+00	
7.601178e-04	1.000760e+00	1.001086e+00	1.003665e+00	1.054651e+00	1.233404e+00	
7.689284e-04	1.000769e+00	1.001099e+00	1.003707e+00	1.055320e+00	1.236404e+00	
7.778411e-04	1.000778e+00	1.001112e+00	1.003750e+00	1.055997e+00	1.239446e+00	
7.868572e-04	1.000787e+00	1.001125e+00	1.003794e+00	1.056683e+00	1.242531e+00	
7.959777e-04	1.000796e+00	1.001138e+00	1.003838e+00	1.057377e+00	1.245659e+00	
8.052040e-04	1.000805e+00	1.001151e+00	1.003883e+00	1.058081e+00	1.248831e+00	
8.145372e-04	1.000815e+00	1.001164e+00	1.003928e+00	1.058794e+00	1.252048e+00	
8.239786e-04	1.000824e+00	1.001178e+00	1.003973e+00	1.059516e+00	1.255304e+00	
8.335294e-04	1.000834e+00	1.001192e+00	1.004019e+00	1.060248e+00	1.258614e+00	
8.431909e-04	1.000843e+00	1.001205e+00	1.004066e+00	1.060989e+00	1.261970e+00	
8.529644e-04	1.000853e+00	1.001219e+00	1.004113e+00	1.061740e+00	1.265375e+00	
8.628513e-04	1.000863e+00	1.001234e+00	1.004161e+00	1.062500e+00	1.268829e+00	
8.728527e-04	1.000873e+00	1.001248e+00	1.004210e+00	1.063270e+00	1.272332e+00	
8.829700e-04	1.000883e+00	1.001262e+00	1.004259e+00	1.064051e+00	1.275885e+00	
8.932046e-04	1.000893e+00	1.001277e+00	1.004308e+00	1.064842e+00	1.279489e+00	
9.035578e-04	1.000904e+00	1.001292e+00	1.004358e+00	1.065643e+00	1.283146e+00	
9.140311e-04	1.000914e+00	1.001307e+00	1.004409e+00	1.066454e+00	1.286855e+00	
9.246257e-04	1.000925e+00	1.001322e+00	1.004460e+00	1.067276e+00	1.290619e+00	
9.353432e-04	1.000935e+00	1.001337e+00	1.004512e+00	1.068109e+00	1.294437e+00	
9.461848e-04	1.000946e+00	1.001353e+00	1.004564e+00	1.068954e+00	1.298310e+00	
9.571522e-04	1.000957e+00	1.001368e+00	1.004617e+00	1.069809e+00	1.302241e+00	
9.682466e-04	1.000968e+00	1.001384e+00	1.004671e+00	1.070675e+00	1.306228e+00	
9.794697e-04	1.000979e+00	1.001400e+00	1.004725e+00	1.071553e+00	1.310275e+00	
9.908228e-04	1.000991e+00	1.001417e+00	1.004780e+00	1.072443e+00	1.314380e+00	
1.002308e-03	1.001002e+00	1.001433e+00	1.004836e+00	1.073344e+00	1.318546e+00	
1.013925e-03	1.001014e+00	1.001450e+00	1.004892e+00	1.074258e+00	1.322773e+00	
1.025678e-03	1.001026e+00	1.001467e+00	1.004949e+00	1.075183e+00	1.327063e+00	
1.037567e-03	1.001038e+00	1.001484e+00	1.005007e+00	1.076121e+00	1.331416e+00	
1.049593e-03	1.001050e+00	1.001501e+00	1.005065e+00	1.077072e+00	1.335835e+00	
1.061759e-03	1.001062e+00	1.001518e+00	1.005124e+00	1.078035e+00	1.340321e+00	
1.074066e-03	1.001074e+00	1.001536e+00	1.005183e+00	1.079011e+00	1.344875e+00	
1.086516e-03	1.001087e+00	1.001554e+00	1.005244e+00	1.080001e+00	1.349498e+00	
1.099110e-03	1.001099e+00	1.001572e+00	1.005305e+00	1.081003e+00	1.354190e+00	
1.111850e-03	1.001112e+00	1.001590e+00	1.005366e+00	1.082020e+00	1.358953e+00	
1.124737e-03	1.001125e+00	1.001608e+00	1.005429e+00	1.083050e+00	1.363787e+00	
1.137774e-03	1.001138e+00	1.001627e+00	1.005492e+00	1.084093e+00	1.368696e+00	
1.150962e-03	1.001151e+00	1.001646e+00	1.005556e+00	1.085151e+00	1.373679e+00	
1.164303e-03	1.001164e+00	1.001665e+00	1.005620e+00	1.086224e+00	1.378737e+00	
1.177799e-03	1.001178e+00	1.001684e+00	1.005686e+00	1.087311e+00	1.383874e+00	
1.191451e-03	1.001191e+00	1.001704e+00	1.005752e+00	1.088413e+00	1.389089e+00	
1.205261e-03	1.001205e+00	1.001724e+00	1.005819e+00	1.089529e+00	1.394384e+00	
1.219231e-03	1.001219e+00	1.001744e+00	1.005887e+00	1.090662e+00	1.399761e+00	
1.233363e-03	1.001233e+00	1.001764e+00	1.005955e+00	1.091809e+00	1.405221e+00	
1.247660e-03	1.001248e+00	1.001785e+00	1.006024e+00	1.092973e+00	1.410766e+00	
1.262121e-03	1.001262e+00	1.001805e+00	1.006094e+00	1.094152e+00	1.416397e+00	
1.276751e-03	1.001277e+00	1.001826e+00	1.006165e+00	1.095348e+00	1.422117e+00	
1.291550e-03	1.001292e+00	1.001847e+00	1.006237e+00	1.096560e+00	1.427923e+00	
1.306520e-03	1.001307e+00	1.001869e+00	1.006310e+00	1.097790e+00	1.433821e+00	
1.321664e-03	1.001322e+00	1.001891e+00	1.006383e+00	1.099036e+00	1.439815e+00	
1.336984e-03	1.001337e+00	1.001913e+00	1.006457e+00	1.100299e+00	1.445908e+00	
1.352481e-03	1.001352e+00	1.001935e+00	1.006533e+00	1.101580e+00	1.452096e+00	
1.368158e-03	1.001368e+00	1.001957e+00	1.006609e+00	1.102880e+00	1.458384e+00	
1.384016e-03	1.001384e+00	1.001980e+00	1.006686e+00	1.104197e+00	1.464772e+00	
1.400058e-03	1.001400e+00	1.002003e+00	1.006763e+00	1.105533e+00	1.471262e+00	
1.416287e-03	1.001416e+00	1.002026e+00	1.006842e+00	1.106887e+00	1.477856e+00	
1.432703e-03	1.001433e+00	1.002050e+00	1.006922e+00	1.108261e+00	1.484555e+00	
1.449310e-03	1.001449e+00	1.002074e+00	1.007002e+00	1.109654e+00	1.491363e+00	
1.466109e-03	1.001466e+00	1.002098e+00	1.007084e+00	1.111067e+00	1.498281e+00	
1.483103e-03	1.001483e+00	1.002122e+00	1.007166e+00	1.112500e+00	1.505313e+00	
1.500293e-03	1.001500e+00	1.002147e+00	1.007250e+00	1.113953e+00	1.512459e+00	
1.517683e-03	1.001518e+00	1.002172e+00	1.007334e+00	1.115427e+00	1.519722e+00	
1.535275e-03	1.001535e+00	1.002197e+00	1.007420e+00	1.116922e+00	1.527105e+00	
1.553071e-03	1.001553e+00	1.002222e+00	1.007506e+00	1.118439e+00	1.534613e+00	
1.571072e-03	1.001571e+00	1.002248e+00	1.007594e+00	1.119977e+00	1.542244e+00	
1.589283e-03	1.001589e+00	1.002274e+00	1.007682e+00	1.121537e+00	1.550003e+00	
1.607704e-03	1.001608e+00	1.002301e+00	1.007772e+00	1.123121e+00	1.557891e+00	
1.626340e-03	1.001626e+00	1.002327e+00	1.007862e+00	1.124727e+00	1.565910e+00	
1.645191e-03	1.001645e+00	1.002354e+00	1.007954e+00	1.126356e+00	1.574053e+00	
1.664260e-03	1.001664e+00	1.002382e+00	1.008046e+00	1.128009e+00	1.582344e+00	
1.683551e-03	1.001684e+00	1.002409e+00	1.008140e+00	1.129686e+00	1.590775e+00	
1.703065e-03	1.001703e+00	1.002437e+00	1.008235e+00	1.131388e+00	1.599349e+00	
1.722805e-03	1.001723e+00	1.002466e+00	1.008331e+00	1.133115e+00	1.608066e+00	
1.742775e-03	1.001743e+00	1.002494e+00	1.008428e+00	1.134867e+00	1.616931e+00	
1.762975e-03	1.001763e+00	1.002523e+00	1.008526e+00	1.136645e+00	1.625995e+00	
1.783410e-03	1.001783e+00	1.002553e+00	1.008626e+00	1.138449e+00	1.635176e+00	
1.804082e-03	1.001804e+00	1.002582e+00	1.008726e+00	1.140281e+00	1.644515e+00	
1.824993e-03	1.001825e+00	1.002612e+00	1.008828e+00	1.142139e+00	1.654037e+00	
1.846147e-03	1.001846e+00	1.002643e+00	1.008931e+00	1.144025e+00	1.663726e+00	
1.867546e-03	1.001868e+00	1.002673e+00	1.009035e+00	1.145940e+00	1.673586e+00	
1.889193e-03	1.001889e+00	1.002704e+00	1.009140e+00	1.147883e+00	1.683620e+00	
1.911091e-03	1.001911e+00	1.002736e+00	1.009247e+00	1.149856e+00	1.693833e+00	
1.933242e-03	1.001933e+00	1.002768e+00	1.009355e+00	1.151858e+00	1.704228e+00	
1.955651e-03	1.001956e+00	1.002800e+00	1.009464e+00	1.153891e+00	1.714804e+00	
1.978319e-03	1.001978e+00	1.002832e+00	1.009574e+00	1.155955e+00	1.725570e+00	
2.001250e-03	1.002001e+00	1.002865e+00	1.009686e+00	1.158050e+00	1.736532e+00	
2.024447e-03	1.002024e+00	1.002899e+00	1.009799e+00	1.160178e+00	1.747693e+00	
2.047912e-03	1.002048e+00	1.002932e+00	1.009913e+00	1.162338e+00	1.759059e+00	
2.071650e-03	1.002072e+00	1.002966e+00	1.010029e+00	1.164531e+00	1.770633e+00	
2.095662e-03	1.002096e+00	1.003001e+00	1.010146e+00	1.166758e+00	1.782421e+00	
2.119953e-03	1.002120e+00	1.003036e+00	1.010264e+00	1.169020e+00	1.794428e+00	
2.144526e-03	1.002145e+00	1.003071e+00	1.010384e+00	1.171318e+00	1.806656e+00	
2.169384e-03	1.002169e+00	1.003107e+00	1.010505e+00	1.173651e+00	1.819119e+00	
2.194529e-03	1.002195e+00	1.003143e+00	1.010628e+00	1.176020e+00	1.831815e+00	
2.219966e-03	1.002220e+00	1.003179e+00	1.010752e+00	1.178427e+00	1.844744e+00	
2.245698e-03	1.002246e+00	1.003216e+00	1.010878e+00	1.180873e+00	1.857891e+00	
2.271728e-03	1.002272e+00	1.003254e+00	1.011005e+00	1.183356e+00	1.871352e+00	
2.298060e-03	1.002298e+00	1.003292e+00	1.011133e+00	1.185880e+00	1.885040e+00	
2.324697e-03	1.002325e+00	1.003330e+00	1.011263e+00	1.188444e+00	1.898996e+00	
2.351643e-03	1.002352e+00	1.003369e+00	1.011395e+00	1.191049e+00	1.913225e+00	
2.378901e-03	1.002379e+00	1.003408e+00	1.011528e+00	1.193696e+00	1.927736e+00	
2.406475e-03	1.002406e+00	1.003447e+00	1.011662e+00	1.196385e+00	1.942536e+00	
2.434369e-03	1.002434e+00	1.003487e+00	1.011798e+00	1.199119e+00	1.957618e+00	
2.462586e-03	1.002463e+00	1.003528e+00	1.011936e+00	1.201897e+00	1.973002e+00	
2.491130e-03	1.002491e+00	1.003569e+00	1.012076e+00	1.204720e+00	1.988689e+00	
2.520005e-03	1.002520e+00	1.003611e+00	1.012217e+00	1.207590e+00	2.004684e+00	
2.549215e-03	1.002549e+00	1.003653e+00	1.012360e+00	1.210508e+00	2.020999e+00	
2.578763e-03	1.002579e+00	1.003695e+00	1.012504e+00	1.213473e+00	2.037649e+00	
2.608654e-03	1.002609e+00	1.003738e+00	1.012650e+00	1.216488e+00	2.054631e+00	
2.638891e-03	1.002639e+00	1.003782e+00	1.012798e+00	1.219554e+00	2.071984e+00	
2.669478e-03	1.002669e+00	1.003826e+00	1.012948e+00	1.222671e+00	2.089688e+00	
2.700421e-03	1.002700e+00	1.003870e+00	1.013099e+00	1.225840e+00	2.107715e+00	
2.731722e-03	1.002732e+00	1.003915e+00	1.013252e+00	1.229064e+00	2.126207e+00	
2.763385e-03	1.002763e+00	1.003961e+00	1.013407e+00	1.232342e+00	2.145014e+00	
2.795416e-03	1.002795e+00	1.004007e+00	1.013564e+00	1.235676e+00	2.164233e+00	
2.827818e-03	1.002828e+00	1.004053e+00	1.013722e+00	1.239068e+00	2.183853e+00	
2.860596e-03	1.002861e+00	1.004100e+00	1.013883e+00	1.242518e+00	2.203885e+00	
2.893753e-03	1.002894e+00	1.004148e+00	1.014045e+00	1.246028e+00	2.224344e+00	
2.927295e-03	1.002927e+00	1.004196e+00	1.014210e+00	1.249599e+00	2.245249e+00	
2.961225e-03	1.002961e+00	1.004245e+00	1.014376e+00	1.253233e+00	2.266609e+00	
2.995549e-03	1.002996e+00	1.004295e+00	1.014544e+00	1.256931e+00	2.288404e+00	
3.030271e-03	1.003030e+00	1.004345e+00	1.014714e+00	1.260694e+00	2.310618e+00	
3.065395e-03	1.003065e+00	1.004395e+00	1.014886e+00	1.264525e+00	2.333342e+00	
3.100927e-03	1.003101e+00	1.004446e+00	1.015061e+00	1.268424e+00	2.356465e+00	
3.136870e-03	1.003137e+00	1.004498e+00	1.015237e+00	1.272393e+00	2.380080e+00	
3.173230e-03	1.003173e+00	1.004551e+00	1.015415e+00	1.276433e+00	2.404185e+00	
3.210011e-03	1.003210e+00	1.004604e+00	1.015596e+00	1.280548e+00	2.428784e+00	
3.247218e-03	1.003247e+00	1.004657e+00	1.015779e+00	1.284737e+00	2.453847e+00	
3.284857e-03	1.003285e+00	1.004711e+00	1.015963e+00	1.289003e+00	2.479540e+00	
3.322933e-03	1.003323e+00	1.004766e+00	1.016150e+00	1.293349e+00	2.505640e+00	
3.361449e-03	1.003361e+00	1.004822e+00	1.016339e+00	1.297775e+00	2.532315e+00	
3.400412e-03	1.003400e+00	1.004878e+00	1.016531e+00	1.302282e+00	2.559618e+00	
3.439826e-03	1.003440e+00	1.004935e+00	1.016725e+00	1.306881e+00	2.587518e+00	
3.479698e-03	1.003480e+00	1.004992e+00	1.016921e+00	1.311544e+00	2.616195e+00	
3.520031e-03	1.003520e+00	1.005050e+00	1.017119e+00	1.316303e+00	2.645277e+00	
3.560833e-03	1.003561e+00	1.005109e+00	1.017320e+00	1.321156e+00	2.675579e+00	
3.602107e-03	1.003602e+00	1.005169e+00	1.017523e+00	1.326076e+00	2.706445e+00	
3.643859e-03	1.003644e+00	1.005229e+00	1.017728e+00	1.331099e+00	2.738067e+00	
3.686095e-03	1.003686e+00	1.005290e+00	1.017936e+00	1.336216e+00	2.770164e+00	
3.728821e-03	1.003729e+00	1.005351e+00	1.018146e+00	1.341432e+00	2.803724e+00	
3.772042e-03	1.003772e+00	1.005414e+00	1.018359e+00	1.346749e+00	2.838112e+00	
3.815765e-03	1.003816e+00	1.005477e+00	1.018575e+00	1.352218e+00	2.873081e+00	
3.859994e-03	1.003860e+00	1.005541e+00	1.018792e+00	1.357752e+00	2.908907e+00	
3.904735e-03	1.003905e+00	1.005605e+00	1.019013e+00	1.363391e+00	2.946043e+00	
3.949995e-03	1.003950e+00	1.005670e+00	1.019236e+00	1.369137e+00	2.984057e+00	
3.995780e-03	1.003996e+00	1.005737e+00	1.019462e+00	1.374995e+00	3.023430e+00	
4.042096e-03	1.004042e+00	1.005803e+00	1.019690e+00	1.380965e+00	3.063425e+00	
4.088948e-03	1.004089e+00	1.005871e+00	1.019922e+00	1.387122e+00	3.104869e+00	
4.136344e-03	1.004136e+00	1.005939e+00	1.020156e+00	1.393323e+00	3.147448e+00	
4.184289e-03	1.004184e+00	1.006009e+00	1.020392e+00	1.399679e+00	3.191458e+00	
4.232789e-03	1.004233e+00	1.006079e+00	1.020632e+00	1.406134e+00	3.236512e+00	
4.281852e-03	1.004282e+00	1.006150e+00	1.020874e+00	1.412735e+00	3.282766e+00	
4.331483e-03	1.004331e+00	1.006221e+00	1.021119e+00	1.419478e+00	3.330150e+00	
4.381690e-03	1.004382e+00	1.006294e+00	1.021368e+00	1.426368e+00	3.379118e+00	
4.432479e-03	1.004432e+00	1.006367e+00	1.021619e+00	1.433424e+00	3.428635e+00	
4.483856e-03	1.004484e+00	1.006442e+00	1.021873e+00	1.440599e+00	3.479812e+00	
4.535829e-03	1.004536e+00	1.006517e+00	1.022130e+00	1.447917e+00	3.532207e+00	
4.588404e-03	1.004588e+00	1.006593e+00	1.022390e+00	1.455418e+00	3.586237e+00	
4.641589e-03	1.004642e+00	1.006670e+00	1.022654e+00	1.462863e+00	3.641317e+00	
4.695390e-03	1.004695e+00	1.006747e+00	1.022920e+00	1.470677e+00	3.697811e+00	
4.749815e-03	1.004750e+00	1.006826e+00	1.023190e+00	1.478666e+00	3.756352e+00	
4.804870e-03	1.004805e+00	1.006906e+00	1.023463e+00	1.486829e+00	3.816297e+00	
4.860564e-03	1.004861e+00	1.006986e+00	1.023739e+00	1.495176e+00	3.877701e+00	
4.916904e-03	1.004917e+00	1.007068e+00	1.024018e+00	1.503949e+00	3.941353e+00	
4.973896e-03	1.004974e+00	1.007150e+00	1.024301e+00	1.512708e+00	4.006989e+00	
5.031549e-03	1.005032e+00	1.007234e+00	1.024587e+00	1.521632e+00	4.074235e+00	
5.089870e-03	1.005090e+00	1.007318e+00	1.024877e+00	1.530758e+00	4.143874e+00	
5.148867e-03	1.005149e+00	1.007404e+00	1.025170e+00	1.540168e+00	4.215237e+00	
5.208549e-03	1.005209e+00	1.007490e+00	1.025467e+00	1.549714e+00	4.288676e+00	
5.268921e-03	1.005269e+00	1.007578e+00	1.025767e+00	1.559504e+00	4.364399e+00	
5.329994e-03	1.005330e+00	1.007666e+00	1.026070e+00	1.569533e+00	4.442677e+00	
5.391775e-03	1.005392e+00	1.007756e+00	1.026378e+00	1.579807e+00	4.523604e+00	
5.454271e-03	1.005454e+00	1.007846e+00	1.026689e+00	1.590334e+00	4.606356e+00	
5.517492e-03	1.005517e+00	1.007938e+00	1.027004e+00	1.601121e+00	4.692412e+00	
5.581446e-03	1.005581e+00	1.008030e+00	1.027322e+00	1.612203e+00	4.780513e+00	
5.646141e-03	1.005646e+00	1.008124e+00	1.027645e+00	1.623555e+00	4.872399e+00	
5.711586e-03	1.005712e+00	1.008219e+00	1.027971e+00	1.635188e+00	4.966165e+00	
5.777790e-03	1.005778e+00	1.008315e+00	1.028301e+00	1.647115e+00	5.063788e+00	
5.844761e-03	1.005845e+00	1.008412e+00	1.028635e+00	1.659359e+00	5.164327e+00	
5.912508e-03	1.005913e+00	1.008511e+00	1.028973e+00	1.671923e+00	5.267082e+00	
5.981041e-03	1.005981e+00	1.008610e+00	1.029315e+00	1.684784e+00	5.374513e+00	
6.050368e-03	1.006050e+00	1.008711e+00	1.029662e+00	1.697991e+00	5.483900e+00	
6.120498e-03	1.006120e+00	1.008813e+00	1.030012e+00	1.711568e+00	5.596884e+00	
6.191442e-03	1.006191e+00	1.008916e+00	1.030367e+00	1.725476e+00	5.712905e+00	
6.263207e-03	1.006263e+00	1.009020e+00	1.030726e+00	1.739723e+00	5.832103e+00	
6.335805e-03	1.006336e+00	1.009125e+00	1.031089e+00	1.754248e+00	5.956539e+00	
6.409244e-03	1.006409e+00	1.009232e+00	1.031457e+00	1.769468e+00	6.084804e+00	
6.483534e-03	1.006484e+00	1.009340e+00	1.031829e+00	1.784920e+00	6.219236e+00	
6.558686e-03	1.006559e+00	1.009449e+00	1.032206e+00	1.800786e+00	6.358736e+00	
6.634708e-03	1.006635e+00	1.009560e+00	1.032587e+00	1.816957e+00	6.503316e+00	
6.711612e-03	1.006712e+00	1.009671e+00	1.032973e+00	1.833742e+00	6.653842e+00	
6.789407e-03	1.006789e+00	1.009785e+00	1.033363e+00	1.851014e+00	6.810258e+00	
6.868104e-03	1.006868e+00	1.009899e+00	1.033758e+00	1.868780e+00	6.970936e+00	
6.947713e-03	1.006948e+00	1.010015e+00	1.034158e+00	1.887064e+00	7.139947e+00	
7.028244e-03	1.007028e+00	1.010132e+00	1.034563e+00	1.905887e+00	7.313983e+00	
7.109709e-03	1.007110e+00	1.010251e+00	1.034973e+00	1.925274e+00	7.495307e+00	
7.192119e-03	1.007192e+00	1.010371e+00	1.035388e+00	1.945252e+00	7.680120e+00	
7.275484e-03	1.007275e+00	1.010492e+00	1.035807e+00	1.965847e+00	7.873993e+00	
7.359814e-03	1.007360e+00	1.010615e+00	1.036232e+00	1.987083e+00	8.076954e+00	
7.445123e-03	1.007445e+00	1.010739e+00	1.036662e+00	2.008989e+00	8.286009e+00	
7.531420e-03	1.007531e+00	1.010865e+00	1.037097e+00	2.031603e+00	8.502525e+00	
7.618718e-03	1.007619e+00	1.010992e+00	1.037538e+00	2.054955e+00	8.727488e+00	
7.707027e-03	1.007707e+00	1.011121e+00	1.037983e+00	2.079076e+00	8.960750e+00	
7.796360e-03	1.007796e+00	1.011251e+00	1.038435e+00	2.104027e+00	9.204068e+00	
7.886729e-03	1.007887e+00	1.011383e+00	1.038891e+00	2.129747e+00	9.456345e+00	
7.978145e-03	1.007978e+00	1.011517e+00	1.039354e+00	2.156316e+00	9.720347e+00	
8.070620e-03	1.008071e+00	1.011652e+00	1.039821e+00	2.183874e+00	9.994181e+00	
8.164168e-03	1.008164e+00	1.011788e+00	1.040295e+00	2.212318e+00	1.028028e+01	
8.258799e-03	1.008259e+00	1.011926e+00	1.040774e+00	2.241756e+00	1.057946e+01	
8.354528e-03	1.008355e+00	1.012066e+00	1.041260e+00	2.272085e+00	1.089021e+01	
8.451366e-03	1.008451e+00	1.012208e+00	1.041751e+00	2.303565e+00	1.121465e+01	
8.549327e-03	1.008549e+00	1.012351e+00	1.042248e+00	2.336208e+00	1.155230e+01	
8.648423e-03	1.008648e+00	1.012496e+00	1.042751e+00	2.369975e+00	1.190460e+01	
8.748668e-03	1.008749e+00	1.012642e+00	1.043261e+00	2.405148e+00	1.227338e+01	
8.850075e-03	1.008850e+00	1.012791e+00	1.043776e+00	2.441542e+00	1.265593e+01	
8.952657e-03	1.008953e+00	1.012941e+00	1.044298e+00	2.479094e+00	1.305807e+01	
9.056428e-03	1.009056e+00	1.013093e+00	1.044827e+00	2.518317e+00	1.347580e+01	
9.161402e-03	1.009161e+00	1.013247e+00	1.045361e+00	2.559122e+00	1.391147e+01	
9.267593e-03	1.009268e+00	1.013402e+00	1.045903e+00	2.601472e+00	1.436816e+01	
9.375015e-03	1.009375e+00	1.013559e+00	1.046451e+00	2.645410e+00	1.484675e+01	
9.483682e-03	1.009484e+00	1.013719e+00	1.047006e+00	2.691891e+00	1.534727e+01	
9.593608e-03	1.009594e+00	1.013880e+00	1.047567e+00	2.739106e+00	1.587101e+01	
9.704809e-03	1.009705e+00	1.014043e+00	1.048136e+00	2.788860e+00	1.641271e+01	
9.817298e-03	1.009817e+00	1.014208e+00	1.048711e+00	2.841318e+00	1.698951e+01	
9.931092e-03	1.009931e+00	1.014375e+00	1.049294e+00	2.894345e+00	1.758958e+01	
1.004620e-02	1.010046e+00	1.014544e+00	1.049883e+00	2.950636e+00	1.821859e+01	
1.016265e-02	1.010163e+00	1.014715e+00	1.050480e+00	3.009496e+00	1.888493e+01	
1.028045e-02	1.010280e+00	1.014888e+00	1.051085e+00	3.070715e+00	1.957416e+01	
1.039961e-02	1.010400e+00	1.015063e+00	1.051697e+00	3.134884e+00	2.030333e+01	
1.052015e-02	1.010520e+00	1.015240e+00	1.052316e+00	3.202054e+00	2.106950e+01	
1.064209e-02	1.010642e+00	1.015419e+00	1.052943e+00	3.272306e+00	2.187381e+01	
1.076545e-02	1.010765e+00	1.015601e+00	1.053578e+00	3.345511e+00	2.271589e+01	
1.089023e-02	1.010890e+00	1.015784e+00	1.054221e+00	3.422731e+00	2.360530e+01	
1.101646e-02	1.011016e+00	1.015970e+00	1.054872e+00	3.503109e+00	2.454205e+01	
1.114415e-02	1.011144e+00	1.016158e+00	1.055530e+00	3.587853e+00	2.552471e+01	
1.127333e-02	1.011273e+00	1.016348e+00	1.056197e+00	3.676902e+00	2.655432e+01	
1.140400e-02	1.011404e+00	1.016541e+00	1.056873e+00	3.769717e+00	2.765258e+01	
1.153618e-02	1.011536e+00	1.016736e+00	1.057556e+00	3.867906e+00	2.880819e+01	
1.166990e-02	1.011670e+00	1.016933e+00	1.058248e+00	3.971500e+00	3.001920e+01	
1.180517e-02	1.011805e+00	1.017132e+00	1.058949e+00	4.079733e+00	3.129930e+01	
1.194200e-02	1.011942e+00	1.017334e+00	1.059659e+00	4.193814e+00	3.264862e+01	
1.208042e-02	1.012080e+00	1.017539e+00	1.060377e+00	4.314518e+00	3.407729e+01	
1.222045e-02	1.012220e+00	1.017745e+00	1.061104e+00	4.441277e+00	3.557635e+01	
1.236210e-02	1.012362e+00	1.017955e+00	1.061841e+00	4.575487e+00	3.717852e+01	
1.250539e-02	1.012505e+00	1.018166e+00	1.062586e+00	4.717289e+00	3.886486e+01	
1.265034e-02	1.012650e+00	1.018381e+00	1.063341e+00	4.867254e+00	4.064991e+01	
1.279697e-02	1.012797e+00	1.018598e+00	1.064106e+00	5.025440e+00	4.253582e+01	
1.294530e-02	1.012945e+00	1.018817e+00	1.064880e+00	5.193787e+00	4.454673e+01	
1.309535e-02	1.013095e+00	1.019039e+00	1.065664e+00	5.370289e+00	4.667117e+01	
1.324714e-02	1.013247e+00	1.019264e+00	1.066457e+00	5.559845e+00	4.892794e+01	
1.340069e-02	1.013401e+00	1.019492e+00	1.067261e+00	5.760650e+00	5.132298e+01	
1.355602e-02	1.013556e+00	1.019722e+00	1.068075e+00	5.972831e+00	5.386794e+01	
1.371315e-02	1.013713e+00	1.019955e+00	1.068899e+00	6.200192e+00	5.657365e+01	
1.387210e-02	1.013872e+00	1.020191e+00	1.069733e+00	6.439504e+00	5.945728e+01	
1.403289e-02	1.014033e+00	1.020429e+00	1.070578e+00	6.696063e+00	6.252817e+01	
1.419555e-02	1.014196e+00	1.020671e+00	1.071433e+00	6.967282e+00	6.578416e+01	
1.436009e-02	1.014360e+00	1.020915e+00	1.072300e+00	7.258763e+00	6.927843e+01	
1.452654e-02	1.014527e+00	1.021163e+00	1.073177e+00	7.568331e+00	7.299413e+01	
1.469492e-02	1.014695e+00	1.021413e+00	1.074066e+00	7.898345e+00	7.695013e+01	
1.486525e-02	1.014865e+00	1.021667e+00	1.074965e+00	8.251225e+00	8.119563e+01	
1.503755e-02	1.015038e+00	1.021923e+00	1.075877e+00	8.627369e+00	8.573393e+01	
1.521186e-02	1.015212e+00	1.022183e+00	1.076799e+00	9.031391e+00	9.058818e+01	
1.538818e-02	1.015388e+00	1.022446e+00	1.077734e+00	9.462978e+00	9.578388e+01	
1.556654e-02	1.015567e+00	1.022711e+00	1.078680e+00	9.924922e+00	1.013675e+02	
1.574698e-02	1.015747e+00	1.022981e+00	1.079639e+00	1.041769e+01	1.073455e+02	
1.592950e-02	1.015930e+00	1.023253e+00	1.080610e+00	1.094950e+01	1.137461e+02	
1.611414e-02	1.016114e+00	1.023529e+00	1.081593e+00	1.151782e+01	1.206482e+02	
1.630092e-02	1.016301e+00	1.023808e+00	1.082588e+00	1.212842e+01	1.280416e+02	
1.648987e-02	1.016490e+00	1.024090e+00	1.083597e+00	1.278379e+01	1.360445e+02	
1.668101e-02	1.016681e+00	1.024376e+00	1.084618e+00	1.348632e+01	1.446477e+02	
1.687436e-02	1.016874e+00	1.024666e+00	1.085653e+00	1.423947e+01	1.539087e+02	
1.706995e-02	1.017070e+00	1.024958e+00	1.086701e+00	1.504904e+01	1.639201e+02	
1.726781e-02	1.017268e+00	1.025255e+00	1.087762e+00	1.591845e+01	1.747609e+02	
1.746796e-02	1.017468e+00	1.025555e+00	1.088837e+00	1.684932e+01	1.864918e+02	
1.767044e-02	1.017670e+00	1.025859e+00	1.089926e+00	1.785145e+01	1.991879e+02	
1.787526e-02	1.017875e+00	1.026166e+00	1.091029e+00	1.892779e+01	2.128728e+02	
1.808245e-02	1.018082e+00	1.026477e+00	1.092146e+00	2.007842e+01	2.278793e+02	
1.829205e-02	1.018292e+00	1.026792e+00	1.093278e+00	2.132455e+01	2.440351e+02	
1.850407e-02	1.018504e+00	1.027111e+00	1.094424e+00	2.265842e+01	2.617212e+02	
1.871855e-02	1.018719e+00	1.027434e+00	1.095585e+00	2.409384e+01	2.809326e+02	
1.893552e-02	1.018936e+00	1.027760e+00	1.096761e+00	2.562869e+01	3.018892e+02	
1.915501e-02	1.019155e+00	1.028091e+00	1.097953e+00	2.727415e+01	3.247824e+02	
1.937703e-02	1.019377e+00	1.028426e+00	1.099160e+00	2.905641e+01	3.497495e+02	
1.960163e-02	1.019602e+00	1.028765e+00	1.100383e+00	3.096847e+01	3.771800e+02	
1.982884e-02	1.019829e+00	1.029108e+00	1.101622e+00	3.303334e+01	4.071196e+02	
2.005868e-02	1.020059e+00	1.029455e+00	1.102877e+00	3.525502e+01	4.400389e+02	
2.029118e-02	1.020291e+00	1.029806e+00	1.104148e+00	3.766766e+01	4.761934e+02	
2.052638e-02	1.020526e+00	1.030162e+00	1.105437e+00	4.026635e+01	5.161184e+02	
2.076430e-02	1.020764e+00	1.030522e+00	1.106742e+00	4.307638e+01	5.599758e+02	
2.100498e-02	1.021005e+00	1.030887e+00	1.108064e+00	4.612036e+01	6.084820e+02	
2.124845e-02	1.021248e+00	1.031256e+00	1.109404e+00	4.940278e+01	6.619721e+02	
2.149475e-02	1.021495e+00	1.031630e+00	1.110761e+00	5.300430e+01	7.212898e+02	
2.174389e-02	1.021744e+00	1.032008e+00	1.112136e+00	5.689908e+01	7.872835e+02	
2.199593e-02	1.021996e+00	1.032391e+00	1.113530e+00	6.114805e+01	8.603380e+02	
2.225089e-02	1.022251e+00	1.032778e+00	1.114942e+00	6.578421e+01	9.416489e+02	
2.250880e-02	1.022509e+00	1.033171e+00	1.116374e+00	7.082415e+01	1.032437e+03	
2.276970e-02	1.022770e+00	1.033568e+00	1.117824e+00	7.626697e+01	1.133980e+03	
2.303363e-02	1.023034e+00	1.033970e+00	1.119294e+00	8.224071e+01	1.246646e+03	
2.330061e-02	1.023301e+00	1.034377e+00	1.120783e+00	8.887302e+01	1.372375e+03	
2.357069e-02	1.023571e+00	1.034790e+00	1.122291e+00	9.626465e+01	1.512341e+03	
2.384390e-02	1.023844e+00	1.035207e+00	1.123818e+00	1.043844e+02	1.668569e+03	
2.412028e-02	1.024120e+00	1.035630e+00	1.125365e+00	1.132859e+02	1.842920e+03	
2.439986e-02	1.024400e+00	1.036057e+00	1.126933e+00	1.231427e+02	2.038495e+03	
2.468268e-02	1.024683e+00	1.036491e+00	1.128522e+00	1.339904e+02	2.257173e+03	
2.496878e-02	1.024969e+00	1.036929e+00	1.130133e+00	1.460182e+02	2.502937e+03	
2.525820e-02	1.025258e+00	1.037373e+00	1.131765e+00	1.593259e+02	2.777546e+03	
2.555097e-02	1.025551e+00	1.037823e+00	1.133419e+00	1.738703e+02	3.087135e+03	
2.584714e-02	1.025847e+00	1.038278e+00	1.135095e+00	1.901396e+02	3.435985e+03	
2.614673e-02	1.026147e+00	1.038739e+00	1.136794e+00	2.084257e+02	3.828816e+03	
2.644980e-02	1.026450e+00	1.039205e+00	1.138516e+00	2.287511e+02	4.270933e+03	
2.675638e-02	1.026756e+00	1.039678e+00	1.140261e+00	2.514604e+02	4.771669e+03	
2.706652e-02	1.027067e+00	1.040156e+00	1.142031e+00	2.766932e+02	5.338048e+03	
2.738025e-02	1.027380e+00	1.040641e+00	1.143824e+00	3.049360e+02	5.980083e+03	
2.769762e-02	1.027698e+00	1.041131e+00	1.145641e+00	3.366468e+02	6.706671e+03	
2.801867e-02	1.028019e+00	1.041628e+00	1.147484e+00	3.720154e+02	7.536023e+03	
2.834343e-02	1.028343e+00	1.042131e+00	1.149351e+00	4.117615e+02	8.475396e+03	
2.867196e-02	1.028672e+00	1.042640e+00	1.151244e+00	4.563148e+02	9.547359e+03	
2.900430e-02	1.029004e+00	1.043156e+00	1.153164e+00	5.066195e+02	1.077117e+04	
2.934050e-02	1.029340e+00	1.043678e+00	1.155109e+00	5.631301e+02	1.216769e+04	
2.968059e-02	1.029681e+00	1.044207e+00	1.157082e+00	6.267899e+02	1.376644e+04	
3.002462e-02	1.030025e+00	1.044742e+00	1.159081e+00	6.987474e+02	1.559736e+04	
3.037264e-02	1.030373e+00	1.045285e+00	1.161109e+00	7.804402e+02	1.770129e+04	
3.072469e-02	1.030725e+00	1.045834e+00	1.163164e+00	8.724341e+02	2.011835e+04	
3.108082e-02	1.031081e+00	1.046390e+00	1.165248e+00	9.769289e+02	2.289969e+04	
3.144108e-02	1.031441e+00	1.046953e+00	1.167361e+00	1.095549e+03	2.610638e+04	
3.180552e-02	1.031806e+00	1.047524e+00	1.169504e+00	1.230370e+03	2.980975e+04	
3.217418e-02	1.032174e+00	1.048101e+00	1.171676e+00	1.384313e+03	3.409907e+04	
3.254712e-02	1.032547e+00	1.048686e+00	1.173879e+00	1.559684e+03	3.906542e+04	
3.292437e-02	1.032924e+00	1.049279e+00	1.176113e+00	1.760251e+03	4.482580e+04	
3.330600e-02	1.033306e+00	1.049879e+00	1.178378e+00	1.990723e+03	5.152301e+04	
3.369206e-02	1.033692e+00	1.050487e+00	1.180675e+00	2.254900e+03	5.931726e+04	
3.408259e-02	1.034083e+00	1.051102e+00	1.183003e+00	2.559074e+03	6.842309e+04	
3.447764e-02	1.034478e+00	1.051726e+00	1.185365e+00	2.909818e+03	7.904104e+04	
3.487727e-02	1.034877e+00	1.052357e+00	1.187760e+00	3.315076e+03	9.147149e+04	
3.528154e-02	1.035282e+00	1.052997e+00	1.190189e+00	3.785859e+03	1.060538e+05	
3.569049e-02	1.035690e+00	1.053645e+00	1.192653e+00	4.331373e+03	1.231943e+05	
3.610419e-02	1.036104e+00	1.054301e+00	1.195152e+00	4.967401e+03	1.433471e+05	
3.652267e-02	1.036523e+00	1.054966e+00	1.197686e+00	5.710822e+03	1.671255e+05	
3.694601e-02	1.036946e+00	1.055640e+00	1.200257e+00	6.583154e+03	1.952136e+05	
3.737426e-02	1.037374e+00	1.056322e+00	1.202865e+00	7.606444e+03	2.284072e+05	
3.780747e-02	1.037807e+00	1.057013e+00	1.205511e+00	8.814784e+03	2.678472e+05	
3.824570e-02	1.038246e+00	1.057713e+00	1.208193e+00	1.024115e+04	3.145734e+05	
3.868901e-02	1.038689e+00	1.058422e+00	1.210929e+00	1.193446e+04	3.702833e+05	
3.913746e-02	1.039137e+00	1.059140e+00	1.213692e+00	1.395295e+04	4.368628e+05	
3.959110e-02	1.039591e+00	1.059868e+00	1.216495e+00	1.636751e+04	5.160608e+05	
4.005001e-02	1.040050e+00	1.060605e+00	1.219339e+00	1.926406e+04	6.111946e+05	
4.051423e-02	1.040514e+00	1.061352e+00	1.222225e+00	2.275389e+04	7.253222e+05	
4.098384e-02	1.040984e+00	1.062109e+00	1.225152e+00	2.698031e+04	8.624128e+05	
4.145888e-02	1.041459e+00	1.062876e+00	1.228121e+00	3.212269e+04	1.000000e+06	
4.193944e-02	1.041939e+00	1.063652e+00	1.231134e+00	3.836791e+04	1.000000e+06	
4.242556e-02	1.042426e+00	1.064440e+00	1.234192e+00	4.592176e+04	1.000000e+06	
4.291732e-02	1.042917e+00	1.065237e+00	1.237294e+00	5.507373e+04	1.000000e+06	
4.341478e-02	1.043415e+00	1.066045e+00	1.240442e+00	6.619795e+04	1.000000e+06	
4.391801e-02	1.043918e+00	1.066864e+00	1.243637e+00	7.978073e+04	1.000000e+06	
4.442707e-02	1.044427e+00	1.067693e+00	1.246879e+00	9.634620e+04	1.000000e+06	
4.494203e-02	1.044942e+00	1.068534e+00	1.250168e+00	1.166167e+05	1.000000e+06	
4.546295e-02	1.045463e+00	1.069386e+00	1.253507e+00	1.414870e+05	1.000000e+06	
4.598992e-02	1.045990e+00	1.070249e+00	1.256895e+00	1.720894e+05	1.000000e+06	
4.652300e-02	1.046523e+00	1.071124e+00	1.260334e+00	2.098331e+05	1.000000e+06	
4.706225e-02	1.047062e+00	1.072010e+00	1.263825e+00	2.564420e+05	1.000000e+06	
4.760775e-02	1.047608e+00	1.072909e+00	1.267367e+00	3.142148e+05	1.000000e+06	
4.815958e-02	1.048160e+00	1.073819e+00	1.270961e+00	3.860441e+05	1.000000e+06	
4.871780e-02	1.048718e+00	1.074742e+00	1.274609e+00	4.752638e+05	1.000000e+06	
4.928250e-02	1.049282e+00	1.075677e+00	1.278303e+00	5.867632e+05	1.000000e+06	
4.985373e-02	1.049854e+00	1.076625e+00	1.282063e+00	7.263244e+05	1.000000e+06	
5.043159e-02	1.050432e+00	1.077586e+00	1.285881e+00	9.014493e+05	1.000000e+06	
5.101615e-02	1.051016e+00	1.078560e+00	1.289757e+00	1.000000e+06	1.000000e+06	
5.160749e-02	1.051607e+00	1.079547e+00	1.293692e+00	1.000000e+06	1.000000e+06	
5.220568e-02	1.052206e+00	1.080548e+00	1.297688e+00	1.000000e+06	1.000000e+06	
5.281080e-02	1.052811e+00	1.081562e+00	1.301746e+00	1.000000e+06	1.000000e+06	
5.342293e-02	1.053423e+00	1.082590e+00	1.305866e+00	1.000000e+06	1.000000e+06	
5.404216e-02	1.054042e+00	1.083633e+00	1.310050e+00	1.000000e+06	1.000000e+06	
5.466857e-02	1.054669e+00	1.084689e+00	1.314300e+00	1.000000e+06	1.000000e+06	
5.530224e-02	1.055302e+00	1.085762e+00	1.318615e+00	1.000000e+06	1.000000e+06	
5.594326e-02	1.055943e+00	1.086849e+00	1.322999e+00	1.000000e+06	1.000000e+06	
5.659170e-02	1.056592e+00	1.087952e+00	1.327451e+00	1.000000e+06	1.000000e+06	
5.724766e-02	1.057248e+00	1.089070e+00	1.331973e+00	1.000000e+06	1.000000e+06	
5.791123e-02	1.057911e+00	1.090204e+00	1.336567e+00	1.000000e+06	1.000000e+06	
5.858248e-02	1.058582e+00	1.091350e+00	1.341234e+00	1.000000e+06	1.000000e+06	
5.926152e-02	1.059262e+00	1.092511e+00	1.345975e+00	1.000000e+06	1.000000e+06	
5.994843e-02	1.059948e+00	1.093687e+00	1.350793e+00	1.000000e+06	1.000000e+06	
6.064329e-02	1.060643e+00	1.094881e+00	1.355684e+00	1.000000e+06	1.000000e+06	
6.134622e-02	1.061346e+00	1.096091e+00	1.360654e+00	1.000000e+06	1.000000e+06	
6.205729e-02	1.062057e+00	1.097318e+00	1.365705e+00	1.000000e+06	1.000000e+06	
6.277660e-02	1.062777e+00	1.098563e+00	1.370838e+00	1.000000e+06	1.000000e+06	
6.350425e-02	1.063504e+00	1.099825e+00	1.376057e+00	1.000000e+06	1.000000e+06	
6.424034e-02	1.064240e+00	1.101104e+00	1.381361e+00	1.000000e+06	1.000000e+06	
6.498495e-02	1.064985e+00	1.102402e+00	1.386744e+00	1.000000e+06	1.000000e+06	
6.573820e-02	1.065738e+00	1.103719e+00	1.392214e+00	1.000000e+06	1.000000e+06	
6.650018e-02	1.066500e+00	1.105054e+00	1.397774e+00	1.000000e+06	1.000000e+06	
6.727099e-02	1.067271e+00	1.106409e+00	1.403427e+00	1.000000e+06	1.000000e+06	
6.805074e-02	1.068051e+00	1.107783e+00	1.409172e+00	1.000000e+06	1.000000e+06	
6.883952e-02	1.068840e+00	1.109177e+00	1.415014e+00	1.000000e+06	1.000000e+06	
6.963745e-02	1.069637e+00	1.110591e+00	1.420955e+00	1.000000e+06	1.000000e+06	
7.044462e-02	1.070445e+00	1.112025e+00	1.426995e+00	1.000000e+06	1.000000e+06	
7.126115e-02	1.071261e+00	1.113480e+00	1.433147e+00	1.000000e+06	1.000000e+06	
7.208715e-02	1.072087e+00	1.114957e+00	1.439391e+00	1.000000e+06	1.000000e+06	
7.292272e-02	1.072923e+00	1.116454e+00	1.445736e+00	1.000000e+06	1.000000e+06	
7.376798e-02	1.073768e+00	1.117974e+00	1.452192e+00	1.000000e+06	1.000000e+06	
7.462303e-02	1.074623e+00	1.119517e+00	1.458728e+00	1.000000e+06	1.000000e+06	
7.548799e-02	1.075488e+00	1.121082e+00	1.465405e+00	1.000000e+06	1.000000e+06	
7.636298e-02	1.076363e+00	1.122670e+00	1.472197e+00	1.000000e+06	1.000000e+06	
7.724811e-02	1.077248e+00	1.124287e+00	1.479106e+00	1.000000e+06	1.000000e+06	
7.814351e-02	1.078144e+00	1.125923e+00	1.486134e+00	1.000000e+06	1.000000e+06	
7.904928e-02	1.079049e+00	1.127584e+00	1.493284e+00	1.000000e+06	1.000000e+06	
7.996555e-02	1.079966e+00	1.129269e+00	1.500559e+00	1.000000e+06	1.000000e+06	
8.089243e-02	1.080892e+00	1.130980e+00	1.507961e+00	1.000000e+06	1.000000e+06	
8.183007e-02	1.081830e+00	1.132716e+00	1.515485e+00	1.000000e+06	1.000000e+06	
8.277857e-02	1.082779e+00	1.134478e+00	1.523141e+00	1.000000e+06	1.000000e+06	
8.373807e-02	1.083738e+00	1.136267e+00	1.530929e+00	1.000000e+06	1.000000e+06	
8.470868e-02	1.084709e+00	1.138083e+00	1.538859e+00	1.000000e+06	1.000000e+06	
8.569055e-02	1.085691e+00	1.139927e+00	1.546934e+00	1.000000e+06	1.000000e+06	
8.668380e-02	1.086684e+00	1.141799e+00	1.555143e+00	1.000000e+06	1.000000e+06	
8.768856e-02	1.087689e+00	1.143699e+00	1.563498e+00	1.000000e+06	1.000000e+06	
8.870497e-02	1.088705e+00	1.145629e+00	1.572011e+00	1.000000e+06	1.000000e+06	
8.973316e-02	1.089733e+00	1.147588e+00	1.580642e+00	1.000000e+06	1.000000e+06	
9.077327e-02	1.090773e+00	1.149579e+00	1.589451e+00	1.000000e+06	1.000000e+06	
9.182543e-02	1.091825e+00	1.151599e+00	1.598421e+00	1.000000e+06	1.000000e+06	
9.288979e-02	1.092890e+00	1.153650e+00	1.607559e+00	1.000000e+06	1.000000e+06	
9.396648e-02	1.093966e+00	1.155734e+00	1.616868e+00	1.000000e+06	1.000000e+06	
9.505566e-02	1.095056e+00	1.157852e+00	1.626344e+00	1.000000e+06	1.000000e+06	
9.615746e-02	1.096157e+00	1.160008e+00	1.635994e+00	1.000000e+06	1.000000e+06	
9.727203e-02	1.097272e+00	1.162194e+00	1.645822e+00	1.000000e+06	1.000000e+06	
9.839952e-02	1.098400e+00	1.164415e+00	1.655834e+00	1.000000e+06	1.000000e+06	
9.954008e-02	1.099540e+00	1.166672e+00	1.666034e+00	1.000000e+06	1.000000e+06	
1.006939e-01	1.100694e+00	1.169002e+00	1.676482e+00	1.000000e+06	1.000000e+06	
1.018610e-01	1.101861e+00	1.171337e+00	1.687076e+00	1.000000e+06	1.000000e+06	
1.030417e-01	1.103042e+00	1.173710e+00	1.697877e+00	1.000000e+06	1.000000e+06	
1.042361e-01	1.104236e+00	1.176123e+00	1.708860e+00	1.000000e+06	1.000000e+06	
1.054443e-01	1.105444e+00	1.178575e+00	1.720046e+00	1.000000e+06	1.000000e+06	
1.066665e-01	1.106666e+00	1.181068e+00	1.731442e+00	1.000000e+06	1.000000e+06	
1.079029e-01	1.107903e+00	1.183537e+00	1.743057e+00	1.000000e+06	1.000000e+06	
1.091536e-01	1.109154e+00	1.186112e+00	1.754921e+00	1.000000e+06	1.000000e+06	
1.104188e-01	1.110419e+00	1.188721e+00	1.767007e+00	1.000000e+06	1.000000e+06	
1.116987e-01	1.111699e+00	1.191375e+00	1.779329e+00	1.000000e+06	1.000000e+06	
1.129934e-01	1.112993e+00	1.194070e+00	1.791877e+00	1.000000e+06	1.000000e+06	
1.143031e-01	1.114303e+00	1.196811e+00	1.804673e+00	1.000000e+06	1.000000e+06	
1.156280e-01	1.115628e+00	1.199597e+00	1.817714e+00	1.000000e+06	1.000000e+06	
1.169683e-01	1.116968e+00	1.202435e+00	1.831017e+00	1.000000e+06	1.000000e+06	
1.183241e-01	1.118324e+00	1.205322e+00	1.844589e+00	1.000000e+06	1.000000e+06	
1.196956e-01	1.119696e+00	1.208258e+00	1.858434e+00	1.000000e+06	1.000000e+06	
1.210830e-01	1.121083e+00	1.211245e+00	1.872554e+00	1.000000e+06	1.000000e+06	
1.224865e-01	1.122486e+00	1.214283e+00	1.886930e+00	1.000000e+06	1.000000e+06	
1.239062e-01	1.123906e+00	1.217371e+00	1.901613e+00	1.000000e+06	1.000000e+06	
1.253424e-01	1.125342e+00	1.220509e+00	1.916580e+00	1.000000e+06	1.000000e+06	
1.267953e-01	1.126795e+00	1.223702e+00	1.931857e+00	1.000000e+06	1.000000e+06	
1.282650e-01	1.128265e+00	1.226955e+00	1.947428e+00	1.000000e+06	1.000000e+06	
1.297517e-01	1.129752e+00	1.230289e+00	1.963348e+00	1.000000e+06	1.000000e+06	
1.312557e-01	1.131256e+00	1.233663e+00	1.979596e+00	1.000000e+06	1.000000e+06	
1.327771e-01	1.132777e+00	1.237096e+00	1.996183e+00	1.000000e+06	1.000000e+06	
1.343161e-01	1.134316e+00	1.240622e+00	2.013090e+00	1.000000e+06	1.000000e+06	
1.358730e-01	1.135873e+00	1.244189e+00	2.030377e+00	1.000000e+06	1.000000e+06	
1.374479e-01	1.137448e+00	1.247815e+00	2.047997e+00	1.000000e+06	1.000000e+06	
1.390411e-01	1.139041e+00	1.251504e+00	2.065992e+00	1.000000e+06	1.000000e+06	
1.406527e-01	1.140653e+00	1.255260e+00	2.084398e+00	1.000000e+06	1.000000e+06	
1.422830e-01	1.142283e+00	1.259088e+00	2.103194e+00	1.000000e+06	1.000000e+06	
1.439323e-01	1.143932e+00	1.262987e+00	2.122378e+00	1.000000e+06	1.000000e+06	
1.456006e-01	1.145601e+00	1.266960e+00	2.141969e+00	1.000000e+06	1.000000e+06	
1.472883e-01	1.147288e+00	1.271010e+00	2.161988e+00	1.000000e+06	1.000000e+06	
1.489955e-01	1.148996e+00	1.275136e+00	2.182449e+00	1.000000e+06	1.000000e+06	
1.507225e-01	1.150723e+00	1.279336e+00	2.203329e+00	1.000000e+06	1.000000e+06	
1.524696e-01	1.152470e+00	1.283619e+00	2.224694e+00	1.000000e+06	1.000000e+06	
1.542369e-01	1.154237e+00	1.287986e+00	2.246537e+00	1.000000e+06	1.000000e+06	
1.560246e-01	1.156025e+00	1.292439e+00	2.268843e+00	1.000000e+06	1.000000e+06	
1.578331e-01	1.157833e+00	1.296981e+00	2.291640e+00	1.000000e+06	1.000000e+06	
1.596626e-01	1.159663e+00	1.301622e+00	2.315027e+00	1.000000e+06	1.000000e+06	
1.615133e-01	1.161513e+00	1.306345e+00	2.338915e+00	1.000000e+06	1.000000e+06	
1.633854e-01	1.163385e+00	1.311162e+00	2.363332e+00	1.000000e+06	1.000000e+06	
1.652792e-01	1.165279e+00	1.316080e+00	2.388372e+00	1.000000e+06	1.000000e+06	
1.671950e-01	1.167195e+00	1.321099e+00	2.413952e+00	1.000000e+06	1.000000e+06	
1.691330e-01	1.169133e+00	1.326220e+00	2.440123e+00	1.000000e+06	1.000000e+06	
1.710934e-01	1.171093e+00	1.331458e+00	2.466901e+00	1.000000e+06	1.000000e+06	
1.730766e-01	1.173077e+00	1.336802e+00	2.494347e+00	1.000000e+06	1.000000e+06	
1.750827e-01	1.175083e+00	1.342250e+00	2.522445e+00	1.000000e+06	1.000000e+06	
1.771121e-01	1.177112e+00	1.347802e+00	2.551281e+00	1.000000e+06	1.000000e+06	
1.791650e-01	1.179165e+00	1.353477e+00	2.580839e+00	1.000000e+06	1.000000e+06	
1.812418e-01	1.181242e+00	1.359240e+00	2.611084e+00	1.000000e+06	1.000000e+06	
1.833425e-01	1.183343e+00	1.365053e+00	2.642106e+00	1.000000e+06	1.000000e+06	
1.854677e-01	1.185468e+00	1.371093e+00	2.673944e+00	1.000000e+06	1.000000e+06	
1.876175e-01	1.187617e+00	1.377268e+00	2.706461e+00	1.000000e+06	1.000000e+06	
1.897922e-01	1.189792e+00	1.383579e+00	2.740102e+00	1.000000e+06	1.000000e+06	
1.919921e-01	1.191992e+00	1.390072e+00	2.774485e+00	1.000000e+06	1.000000e+06	
1.942175e-01	1.194218e+00	1.396680e+00	2.809853e+00	1.000000e+06	1.000000e+06	
1.964687e-01	1.196469e+00	1.403399e+00	2.846352e+00	1.000000e+06	1.000000e+06	
1.987460e-01	1.198746e+00	1.410301e+00	2.884142e+00	1.000000e+06	1.000000e+06	
2.010496e-01	1.201050e+00	1.417367e+00	2.923638e+00	1.000000e+06	1.000000e+06	
2.033800e-01	1.203380e+00	1.424602e+00	2.963283e+00	1.000000e+06	1.000000e+06	
2.057374e-01	1.205737e+00	1.431970e+00	3.005095e+00	1.000000e+06	1.000000e+06	
2.081222e-01	1.208122e+00	1.439546e+00	3.048336e+00	1.000000e+06	1.000000e+06	
2.105345e-01	1.210535e+00	1.447348e+00	3.092758e+00	1.000000e+06	1.000000e+06	
2.129749e-01	1.212975e+00	1.455286e+00	3.139332e+00	1.000000e+06	1.000000e+06	
2.154435e-01	1.215444e+00	1.463387e+00	3.187843e+00	1.000000e+06	1.000000e+06	
2.179407e-01	1.217941e+00	1.471709e+00	3.238264e+00	1.000000e+06	1.000000e+06	
2.204669e-01	1.220467e+00	1.480240e+00	3.291457e+00	1.000000e+06	1.000000e+06	
2.230223e-01	1.223022e+00	1.488958e+00	3.346953e+00	1.000000e+06	1.000000e+06	
2.256074e-01	1.225607e+00	1.497880e+00	3.404811e+00	1.000000e+06	1.000000e+06	
2.282224e-01	1.228223e+00	1.507053e+00	3.466192e+00	1.000000e+06	1.000000e+06	
2.308678e-01	1.230868e+00	1.516454e+00	3.530326e+00	1.000000e+06	1.000000e+06	
2.335438e-01	1.233544e+00	1.526090e+00	3.598990e+00	1.000000e+06	1.000000e+06	
2.362508e-01	1.236251e+00	1.535973e+00	3.671850e+00	1.000000e+06	1.000000e+06	
2.389893e-01	1.238989e+00	1.546107e+00	3.749882e+00	1.000000e+06	1.000000e+06	
2.417594e-01	1.241760e+00	1.556501e+00	3.833391e+00	1.000000e+06	1.000000e+06	
2.445617e-01	1.244562e+00	1.567188e+00	3.922678e+00	1.000000e+06	1.000000e+06	
2.473964e-01	1.247397e+00	1.578166e+00	4.020458e+00	1.000000e+06	1.000000e+06	
2.502640e-01	1.250264e+00	1.589448e+00	4.126349e+00	1.000000e+06	1.000000e+06	
2.531648e-01	1.253165e+00	1.601020e+00	4.242561e+00	1.000000e+06	1.000000e+06	
2.560993e-01	1.256099e+00	1.612965e+00	4.370941e+00	1.000000e+06	1.000000e+06	
2.590678e-01	1.259068e+00	1.625176e+00	4.512737e+00	1.000000e+06	1.000000e+06	
2.620707e-01	1.262071e+00	1.637764e+00	4.671201e+00	1.000000e+06	1.000000e+06	
2.651084e-01	1.265109e+00	1.650675e+00	4.850350e+00	1.000000e+06	1.000000e+06	
2.681813e-01	1.268182e+00	1.663947e+00	5.055565e+00	1.000000e+06	1.000000e+06	
2.712898e-01	1.271290e+00	1.677822e+00	5.290865e+00	1.000000e+06	1.000000e+06	
2.744343e-01	1.274435e+00	1.691834e+00	5.564957e+00	1.000000e+06	1.000000e+06	
2.776153e-01	1.277616e+00	1.706336e+00	5.888415e+00	1.000000e+06	1.000000e+06	
2.808332e-01	1.280834e+00	1.721264e+00	6.279249e+00	1.000000e+06	1.000000e+06	
2.840884e-01	1.284089e+00	1.736665e+00	6.756537e+00	1.000000e+06	1.000000e+06	
2.873813e-01	1.287382e+00	1.752560e+00	7.354891e+00	1.000000e+06	1.000000e+06	
2.907123e-01	1.290713e+00	1.768927e+00	8.124469e+00	1.000000e+06	1.000000e+06	
2.940820e-01	1.294082e+00	1.785824e+00	9.154764e+00	1.000000e+06	1.000000e+06	
2.974908e-01	1.297491e+00	1.803254e+00	1.059476e+01	1.000000e+06	1.000000e+06	
3.009390e-01	1.300940e+00	1.821125e+00	1.274359e+01	1.000000e+06	1.000000e+06	
3.044272e-01	1.304428e+00	1.839851e+00	1.625290e+01	1.000000e+06	1.000000e+06	
3.079559e-01	1.307956e+00	1.859032e+00	2.282503e+01	1.000000e+06	1.000000e+06	
3.115254e-01	1.311526e+00	1.879141e+00	3.821739e+01	1.000000e+06	1.000000e+06	
3.151363e-01	1.315137e+00	1.899251e+00	8.981378e+01	1.000000e+06	1.000000e+06	
3.187891e-01	1.318790e+00	1.920577e+00	3.405951e+02	1.000000e+06	1.000000e+06	
3.224842e-01	1.322485e+00	1.942357e+00	1.522806e+03	1.000000e+06	1.000000e+06	
3.262222e-01	1.326223e+00	1.965031e+00	7.542358e+03	1.000000e+06	1.000000e+06	
3.300035e-01	1.330005e+00	1.988548e+00	4.102147e+04	1.000000e+06	1.000000e+06	
3.338286e-01	1.333830e+00	2.012816e+00	2.458661e+05	1.000000e+06	1.000000e+06	
3.376980e-01	1.337699e+00	2.038055e+00	1.000000e+06	1.000000e+06	1.000000e+06	
3.416123e-01	1.341614e+00	2.064244e+00	1.000000e+06	1.000000e+06	1.000000e+06	
3.455720e-01	1.345573e+00	2.091291e+00	1.000000e+06	1.000000e+06	1.000000e+06	
3.495776e-01	1.349579e+00	2.119536e+00	1.000000e+06	1.000000e+06	1.000000e+06	
3.536296e-01	1.353631e+00	2.148676e+00	1.000000e+06	1.000000e+06	1.000000e+06	
3.577285e-01	1.357730e+00	2.179147e+00	1.000000e+06	1.000000e+06	1.000000e+06	
3.618750e-01	1.361877e+00	2.210495e+00	1.000000e+06	1.000000e+06	1.000000e+06	
3.660695e-01	1.366072e+00	2.243493e+00	1.000000e+06	1.000000e+06	1.000000e+06	
3.703127e-01	1.370315e+00	2.277511e+00	1.000000e+06	1.000000e+06	1.000000e+06	
3.746050e-01	1.374608e+00	2.313123e+00	1.000000e+06	1.000000e+06	1.000000e+06	
3.789471e-01	1.378950e+00	2.350155e+00	1.000000e+06	1.000000e+06	1.000000e+06	
3.833395e-01	1.383343e+00	2.388740e+00	1.000000e+06	1.000000e+06	1.000000e+06	
3.877828e-01	1.387786e+00	2.428970e+00	1.000000e+06	1.000000e+06	1.000000e+06	
3.922777e-01	1.392281e+00	2.471011e+00	1.000000e+06	1.000000e+06	1.000000e+06	
3.968246e-01	1.396829e+00	2.514684e+00	1.000000e+06	1.000000e+06	1.000000e+06	
4.014242e-01	1.401429e+00	2.560601e+00	1.000000e+06	1.000000e+06	1.000000e+06	
4.060772e-01	1.406082e+00	2.608369e+00	1.000000e+06	1.000000e+06	1.000000e+06	
4.107841e-01	1.410789e+00	2.658865e+00	1.000000e+06	1.000000e+06	1.000000e+06	
4.155455e-01	1.415551e+00	2.711024e+00	1.000000e+06	1.000000e+06	1.000000e+06	
4.203622e-01	1.420369e+00	2.766017e+00	1.000000e+06	1.000000e+06	1.000000e+06	
4.252346e-01	1.425242e+00	2.823526e+00	1.000000e+06	1.000000e+06	1.000000e+06	
4.301636e-01	1.430171e+00	2.884039e+00	1.000000e+06	1.000000e+06	1.000000e+06	
4.351497e-01	1.435158e+00	2.947278e+00	1.000000e+06	1.000000e+06	1.000000e+06	
4.401935e-01	1.440203e+00	3.013986e+00	1.000000e+06	1.000000e+06	1.000000e+06	
4.452959e-01	1.445306e+00	3.084050e+00	1.000000e+06	1.000000e+06	1.000000e+06	
4.504573e-01	1.450469e+00	3.157789e+00	1.000000e+06	1.000000e+06	1.000000e+06	
4.556786e-01	1.455691e+00	3.235278e+00	1.000000e+06	1.000000e+06	1.000000e+06	
4.609604e-01	1.460974e+00	3.316874e+00	1.000000e+06	1.000000e+06	1.000000e+06	
4.663035e-01	1.466318e+00	3.403556e+00	1.000000e+06	1.000000e+06	1.000000e+06	
4.717085e-01	1.471725e+00	3.494577e+00	1.000000e+06	1.000000e+06	1.000000e+06	
4.771761e-01	1.477194e+00	3.590955e+00	1.000000e+06	1.000000e+06	1.000000e+06	
4.827071e-01	1.482726e+00	3.693047e+00	1.000000e+06	1.000000e+06	1.000000e+06	
4.883022e-01	1.488323e+00	3.800791e+00	1.000000e+06	1.000000e+06	1.000000e+06	
4.939622e-01	1.493985e+00	3.915206e+00	1.000000e+06	1.000000e+06	1.000000e+06	
4.996877e-01	1.499713e+00	4.036510e+00	1.000000e+06	1.000000e+06	1.000000e+06	
5.054797e-01	1.505508e+00	4.165243e+00	1.000000e+06	1.000000e+06	1.000000e+06	
5.113388e-01	1.511369e+00	4.302383e+00	1.000000e+06	1.000000e+06	1.000000e+06	
5.172657e-01	1.517300e+00	4.447843e+00	1.000000e+06	1.000000e+06	1.000000e+06	
5.232614e-01	1.523299e+00	4.603057e+00	1.000000e+06	1.000000e+06	1.000000e+06	
5.293266e-01	1.529368e+00	4.767457e+00	1.000000e+06	1.000000e+06	1.000000e+06	
5.354621e-01	1.535508e+00	4.944098e+00	1.000000e+06	1.000000e+06	1.000000e+06	
5.416687e-01	1.541720e+00	5.131563e+00	1.000000e+06	1.000000e+06	1.000000e+06	
5.479472e-01	1.548003e+00	5.332985e+00	1.000000e+06	1.000000e+06	1.000000e+06	
5.542986e-01	1.554359e+00	5.548493e+00	1.000000e+06	1.000000e+06	1.000000e+06	
5.607235e-01	1.560790e+00	5.779254e+00	1.000000e+06	1.000000e+06	1.000000e+06	
5.672229e-01	1.567296e+00	6.026483e+00	1.000000e+06	1.000000e+06	1.000000e+06	
5.737976e-01	1.573877e+00	6.292745e+00	1.000000e+06	1.000000e+06	1.000000e+06	
5.804486e-01	1.580536e+00	6.577474e+00	1.000000e+06	1.000000e+06	1.000000e+06	
5.871766e-01	1.587272e+00	6.884339e+00	1.000000e+06	1.000000e+06	1.000000e+06	
5.939827e-01	1.594088e+00	7.215365e+00	1.000000e+06	1.000000e+06	1.000000e+06	
6.008676e-01	1.600983e+00	7.571046e+00	1.000000e+06	1.000000e+06	1.000000e+06	
6.078323e-01	1.607960e+00	7.955711e+00	1.000000e+06	1.000000e+06	1.000000e+06	
6.148778e-01	1.615019e+00	8.370448e+00	1.000000e+06	1.000000e+06	1.000000e+06	
6.220049e-01	1.622161e+00	8.818325e+00	1.000000e+06	1.000000e+06	1.000000e+06	
6.292146e-01	1.629388e+00	9.301866e+00	1.000000e+06	1.000000e+06	1.000000e+06	
6.365079e-01	1.636700e+00	9.826012e+00	1.000000e+06	1.000000e+06	1.000000e+06	
6.438857e-01	1.644096e+00	1.039339e+01	1.000000e+06	1.000000e+06	1.000000e+06	
6.513491e-01	1.651581e+00	1.100997e+01	1.000000e+06	1.000000e+06	1.000000e+06	
6.588990e-01	1.659155e+00	1.167558e+01	1.000000e+06	1.000000e+06	1.000000e+06	
6.665363e-01	1.666819e+00	1.240041e+01	1.000000e+06	1.000000e+06	1.000000e+06	
6.742622e-01	1.674573e+00	1.318501e+01	1.000000e+06	1.000000e+06	1.000000e+06	
6.820777e-01	1.682421e+00	1.403639e+01	1.000000e+06	1.000000e+06	1.000000e+06	
6.899837e-01	1.690363e+00	1.496114e+01	1.000000e+06	1.000000e+06	1.000000e+06	
6.979814e-01	1.698398e+00	1.596307e+01	1.000000e+06	1.000000e+06	1.000000e+06	
7.060718e-01	1.706529e+00	1.705226e+01	1.000000e+06	1.000000e+06	1.000000e+06	
7.142559e-01	1.714758e+00	1.823434e+01	1.000000e+06	1.000000e+06	1.000000e+06	
7.225349e-01	1.723087e+00	1.951365e+01	1.000000e+06	1.000000e+06	1.000000e+06	
7.309099e-01	1.731516e+00	2.090619e+01	1.000000e+06	1.000000e+06	1.000000e+06	
7.393820e-01	1.740048e+00	2.241386e+01	1.000000e+06	1.000000e+06	1.000000e+06	
7.479523e-01	1.748684e+00	2.405424e+01	1.000000e+06	1.000000e+06	1.000000e+06	
7.566219e-01	1.757427e+00	2.581888e+01	1.000000e+06	1.000000e+06	1.000000e+06	
7.653919e-01	1.766278e+00	2.773672e+01	1.000000e+06	1.000000e+06	1.000000e+06	
7.742637e-01	1.775238e+00	2.981932e+01	1.000000e+06	1.000000e+06	1.000000e+06	
7.832383e-01	1.784313e+00	3.207969e+01	1.000000e+06	1.000000e+06	1.000000e+06	
7.923169e-01	1.793503e+00	3.455292e+01	1.000000e+06	1.000000e+06	1.000000e+06	
8.015007e-01	1.802807e+00	3.729246e+01	1.000000e+06	1.000000e+06	1.000000e+06	
8.107910e-01	1.812223e+00	4.042557e+01	1.000000e+06	1.000000e+06	1.000000e+06	
8.201889e-01	1.821759e+00	4.413618e+01	1.000000e+06	1.000000e+06	1.000000e+06	
8.296959e-01	1.831418e+00	4.878603e+01	1.000000e+06	1.000000e+06	1.000000e+06	
8.393129e-01	1.841203e+00	5.508463e+01	1.000000e+06	1.000000e+06	1.000000e+06	
8.490415e-01	1.851116e+00	6.459117e+01	1.000000e+06	1.000000e+06	1.000000e+06	
8.588829e-01	1.861160e+00	8.137666e+01	1.000000e+06	1.000000e+06	1.000000e+06	
8.688383e-01	1.871339e+00	1.201424e+02	1.000000e+06	1.000000e+06	1.000000e+06	
8.789091e-01	1.881653e+00	2.971777e+02	1.000000e+06	1.000000e+06	1.000000e+06	
8.890966e-01	1.892114e+00	1.815056e+04	1.000000e+06	1.000000e+06	1.000000e+06	
8.994022e-01	1.902727e+00	1.000000e+06	1.000000e+06	1.000000e+06	1.000000e+06	
9.098273e-01	1.913492e+00	1.000000e+06	1.000000e+06	1.000000e+06	1.000000e+06	
9.203732e-01	1.924381e+00	1.000000e+06	1.000000e+06	1.000000e+06	1.000000e+06	
9.310413e-01	1.935425e+00	1.000000e+06	1.000000e+06	1.000000e+06	1.000000e+06	
9.418332e-01	1.946629e+00	1.000000e+06	1.000000e+06	1.000000e+06	1.000000e+06	
9.527500e-01	1.957998e+00	1.000000e+06	1.000000e+06	1.000000e+06	1.000000e+06	
9.637935e-01	1.969558e+00	1.000000e+06	1.000000e+06	1.000000e+06	1.000000e+06	
9.749649e-01	1.981273e+00	1.000000e+06	1.000000e+06	1.000000e+06	1.000000e+06	
9.862658e-01	1.993180e+00	1.000000e+06	1.000000e+06	1.000000e+06	1.000000e+06	
9.976978e-01	2.005293e+00	1.000000e+06	1.000000e+06	1.000000e+06	1.000000e+06	
1.009262e+00	2.017574e+00	1.000000e+06	1.000000e+06	1.000000e+06	1.000000e+06	
1.020961e+00	2.030057e+00	1.000000e+06	1.000000e+06	1.000000e+06	1.000000e+06	
1.032795e+00	2.042748e+00	1.000000e+06	1.000000e+06	1.000000e+06	1.000000e+06	
1.044766e+00	2.055657e+00	1.000000e+06	1.000000e+06	1.000000e+06	1.000000e+06	
1.056876e+00	2.068795e+00	1.000000e+06	1.000000e+06	1.000000e+06	1.000000e+06	
1.069126e+00	2.082183e+00	1.000000e+06	1.000000e+06	1.000000e+06	1.000000e+06	
1.081519e+00	2.095826e+00	1.000000e+06	1.000000e+06	1.000000e+06	1.000000e+06	
1.094055e+00	2.109715e+00	1.000000e+06	1.000000e+06	1.000000e+06	1.000000e+06	
1.106736e+00	2.123841e+00	1.000000e+06	1.000000e+06	1.000000e+06	1.000000e+06	
1.119564e+00	2.138303e+00	1.000000e+06	1.000000e+06	1.000000e+06	1.000000e+06	
1.132541e+00	2.153034e+00	1.000000e+06	1.000000e+06	1.000000e+06	1.000000e+06	
1.145669e+00	2.168082e+00	1.000000e+06	1.000000e+06	1.000000e+06	1.000000e+06	
1.158948e+00	2.183413e+00	1.000000e+06	1.000000e+06	1.000000e+06	1.000000e+06	
1.172382e+00	2.199077e+00	1.000000e+06	1.000000e+06	1.000000e+06	1.000000e+06	
1.185971e+00	2.215073e+00	1.000000e+06	1.000000e+06	1.000000e+06	1.000000e+06	
1.199718e+00	2.231468e+00	1.000000e+06	1.000000e+06	1.000000e+06	1.000000e+06	
1.213624e+00	2.248296e+00	1.000000e+06	1.000000e+06	1.000000e+06	1.000000e+06	
1.227691e+00	2.265613e+00	1.000000e+06	1.000000e+06	1.000000e+06	1.000000e+06	
1.241921e+00	2.283257e+00	1.000000e+06	1.000000e+06	1.000000e+06	1.000000e+06	
1.256317e+00	2.301560e+00	1.000000e+06	1.000000e+06	1.000000e+06	1.000000e+06	
1.270879e+00	2.320218e+00	1.000000e+06	1.000000e+06	1.000000e+06	1.000000e+06	
1.285610e+00	2.339433e+00	1.000000e+06	1.000000e+06	1.000000e+06	1.000000e+06	
1.300511e+00	2.359172e+00	1.000000e+06	1.000000e+06	1.000000e+06	1.000000e+06	
1.315586e+00	2.379404e+00	1.000000e+06	1.000000e+06	1.000000e+06	1.000000e+06	
1.330835e+00	2.400374e+00	1.000000e+06	1.000000e+06	1.000000e+06	1.000000e+06	
1.346261e+00	2.422211e+00	1.000000e+06	1.000000e+06	1.000000e+06	1.000000e+06	
1.361865e+00	2.444629e+00	1.000000e+06	1.000000e+06	1.000000e+06	1.000000e+06	
1.377651e+00	2.467789e+00	1.000000e+06	1.000000e+06	1.000000e+06	1.000000e+06	
1.393619e+00	2.491952e+00	1.000000e+06	1.000000e+06	1.000000e+06	1.000000e+06	
1.409773e+00	2.516792e+00	1.000000e+06	1.000000e+06	1.000000e+06	1.000000e+06	
1.426114e+00	2.542732e+00	1.000000e+06	1.000000e+06	1.000000e+06	1.000000e+06	
1.442644e+00	2.569748e+00	1.000000e+06	1.000000e+06	1.000000e+06	1.000000e+06	
1.459366e+00	2.597779e+00	1.000000e+06	1.000000e+06	1.000000e+06	1.000000e+06	
1.476281e+00	2.626989e+00	1.000000e+06	1.000000e+06	1.000000e+06	1.000000e+06	
1.493393e+00	2.657573e+00	1.000000e+06	1.000000e+06	1.000000e+06	1.000000e+06	
1.510703e+00	2.689636e+00	1.000000e+06	1.000000e+06	1.000000e+06	1.000000e+06	
1.528214e+00	2.723091e+00	1.000000e+06	1.000000e+06	1.000000e+06	1.000000e+06	
1.545928e+00	2.757957e+00	1.000000e+06	1.000000e+06	1.000000e+06	1.000000e+06	
1.563847e+00	2.794666e+00	1.000000e+06	1.000000e+06	1.000000e+06	1.000000e+06	
1.581973e+00	2.833615e+00	1.000000e+06	1.000000e+06	1.000000e+06	1.000000e+06	
1.600310e+00	2.874633e+00	1.000000e+06	1.000000e+06	1.000000e+06	1.000000e+06	
1.618860e+00	2.917887e+00	1.000000e+06	1.000000e+06	1.000000e+06	1.000000e+06	
1.637624e+00	2.963591e+00	1.000000e+06	1.000000e+06	1.000000e+06	1.000000e+06	
1.656606e+00	3.012048e+00	1.000000e+06	1.000000e+06	1.000000e+06	1.000000e+06	
1.675808e+00	3.063470e+00	1.000000e+06	1.000000e+06	1.000000e+06	1.000000e+06	
1.695232e+00	3.117882e+00	1.000000e+06	1.000000e+06	1.000000e+06	1.000000e+06	
1.714882e+00	3.176105e+00	1.000000e+06	1.000000e+06	1.000000e+06	1.000000e+06	
1.734759e+00	3.238446e+00	1.000000e+06	1.000000e+06	1.000000e+06	1.000000e+06	
1.754867e+00	3.305210e+00	1.000000e+06	1.000000e+06	1.000000e+06	1.000000e+06	
1.775208e+00	3.376964e+00	1.000000e+06	1.000000e+06	1.000000e+06	1.000000e+06	
1.795785e+00	3.454264e+00	1.000000e+06	1.000000e+06	1.000000e+06	1.000000e+06	
1.816600e+00	3.536958e+00	1.000000e+06	1.000000e+06	1.000000e+06	1.000000e+06	
1.837656e+00	3.626795e+00	1.000000e+06	1.000000e+06	1.000000e+06	1.000000e+06	
1.858957e+00	3.724656e+00	1.000000e+06	1.000000e+06	1.000000e+06	1.000000e+06	
1.880504e+00	3.831413e+00	1.000000e+06	1.000000e+06	1.000000e+06	1.000000e+06	
1.902301e+00	3.946910e+00	1.000000e+06	1.000000e+06	1.000000e+06	1.000000e+06	
1.924351e+00	4.073515e+00	1.000000e+06	1.000000e+06	1.000000e+06	1.000000e+06	
1.946656e+00	4.213016e+00	1.000000e+06	1.000000e+06	1.000000e+06	1.000000e+06	
1.969220e+00	4.366936e+00	1.000000e+06	1.000000e+06	1.000000e+06	1.000000e+06	
1.992046e+00	4.537889e+00	1.000000e+06	1.000000e+06	1.000000e+06	1.000000e+06	
2.015136e+00	4.727214e+00	1.000000e+06	1.000000e+06	1.000000e+06	1.000000e+06	
2.038493e+00	4.940532e+00	1.000000e+06	1.000000e+06	1.000000e+06	1.000000e+06	
2.062122e+00	5.180198e+00	1.000000e+06	1.000000e+06	1.000000e+06	1.000000e+06	
2.086024e+00	5.451666e+00	1.000000e+06	1.000000e+06	1.000000e+06	1.000000e+06	
2.110203e+00	5.759809e+00	1.000000e+06	1.000000e+06	1.000000e+06	1.000000e+06	
2.134663e+00	6.113436e+00	1.000000e+06	1.000000e+06	1.000000e+06	1.000000e+06	
2.159406e+00	6.524699e+00	1.000000e+06	1.000000e+06	1.000000e+06	1.000000e+06	
2.184436e+00	7.002899e+00	1.000000e+06	1.000000e+06	1.000000e+06	1.000000e+06	
2.209756e+00	7.566136e+00	1.000000e+06	1.000000e+06	1.000000e+06	1.000000e+06	
2.235370e+00	8.238171e+00	1.000000e+06	1.000000e+06	1.000000e+06	1.000000e+06	
2.261280e+00	9.049097e+00	1.000000e+06	1.000000e+06	1.000000e+06	1.000000e+06	
2.287491e+00	1.004056e+01	1.000000e+06	1.000000e+06	1.000000e+06	1.000000e+06	
2.314005e+00	1.127333e+01	1.000000e+06	1.000000e+06	1.000000e+06	1.000000e+06	
2.340827e+00	1.283528e+01	1.000000e+06	1.000000e+06	1.000000e+06	1.000000e+06	
2.367960e+00	1.484673e+01	1.000000e+06	1.000000e+06	1.000000e+06	1.000000e+06	
2.395407e+00	1.750961e+01	1.000000e+06	1.000000e+06	1.000000e+06	1.000000e+06	
2.423173e+00	2.111577e+01	1.000000e+06	1.000000e+06	1.000000e+06	1.000000e+06	
2.451260e+00	2.615085e+01	1.000000e+06	1.000000e+06	1.000000e+06	1.000000e+06	
2.479673e+00	3.338441e+01	1.000000e+06	1.000000e+06	1.000000e+06	1.000000e+06	
2.508415e+00	4.410347e+01	1.000000e+06	1.000000e+06	1.000000e+06	1.000000e+06	
2.537490e+00	6.042317e+01	1.000000e+06	1.000000e+06	1.000000e+06	1.000000e+06	
2.566903e+00	8.576261e+01	1.000000e+06	1.000000e+06	1.000000e+06	1.000000e+06	
2.596656e+00	1.253881e+02	1.000000e+06	1.000000e+06	1.000000e+06	1.000000e+06	
2.626754e+00	1.864493e+02	1.000000e+06	1.000000e+06	1.000000e+06	1.000000e+06	
2.657201e+00	2.778932e+02	1.000000e+06	1.000000e+06	1.000000e+06	1.000000e+06	
2.688001e+00	4.151693e+02	1.000000e+06	1.000000e+06	1.000000e+06	1.000000e+06	
2.719158e+00	8.307576e+02	1.000000e+06	1.000000e+06	1.000000e+06	1.000000e+06	
2.750676e+00	1.000000e+06	1.000000e+06	1.000000e+06	1.000000e+06	1.000000e+06	
2.782559e+00	1.000000e+06	1.000000e+06	1.000000e+06	1.000000e+06	1.000000e+06	
2.814812e+00	1.000000e+06	1.000000e+06	1.000000e+06	1.000000e+06	1.000000e+06	
2.847439e+00	1.000000e+06	1.000000e+06	1.000000e+06	1.000000e+06	1.000000e+06	
2.880444e+00	1.000000e+06	1.000000e+06	1.000000e+06	1.000000e+06	1.000000e+06	
2.913832e+00	1.000000e+06	1.000000e+06	1.000000e+06	1.000000e+06	1.000000e+06	
2.947606e+00	1.000000e+06	1.000000e+06	1.000000e+06	1.000000e+06	1.000000e+06	
2.981772e+00	1.000000e+06	1.000000e+06	1.000000e+06	1.000000e+06	1.000000e+06	
3.016334e+00	1.000000e+06	1.000000e+06	1.000000e+06	1.000000e+06	1.000000e+06	
3.051297e+00	1.000000e+06	1.000000e+06	1.000000e+06	1.000000e+06	1.000000e+06	
3.086665e+00	1.000000e+06	1.000000e+06	1.000000e+06	1.000000e+06	1.000000e+06	
3.122443e+00	1.000000e+06	1.000000e+06	1.000000e+06	1.000000e+06	1.000000e+06	
3.158635e+00	1.000000e+06	1.000000e+06	1.000000e+06	1.000000e+06	1.000000e+06	
3.195248e+00	1.000000e+06	1.000000e+06	1.000000e+06	1.000000e+06	1.000000e+06	
3.232284e+00	1.000000e+06	1.000000e+06	1.000000e+06	1.000000e+06	1.000000e+06	
3.269750e+00	1.000000e+06	1.000000e+06	1.000000e+06	1.000000e+06	1.000000e+06	
3.307650e+00	1.000000e+06	1.000000e+06	1.000000e+06	1.000000e+06	1.000000e+06	
3.345989e+00	1.000000e+06	1.000000e+06	1.000000e+06	1.000000e+06	1.000000e+06	
3.384773e+00	1.000000e+06	1.000000e+06	1.000000e+06	1.000000e+06	1.000000e+06	
3.424006e+00	1.000000e+06	1.000000e+06	1.000000e+06	1.000000e+06	1.000000e+06	
3.463694e+00	1.000000e+06	1.000000e+06	1.000000e+06	1.000000e+06	1.000000e+06	
3.503842e+00	1.000000e+06	1.000000e+06	1.000000e+06	1.000000e+06	1.000000e+06	
3.544456e+00	1.000000e+06	1.000000e+06	1.000000e+06	1.000000e+06	1.000000e+06	
3.585540e+00	1.000000e+06	1.000000e+06	1.000000e+06	1.000000e+06	1.000000e+06	
3.627100e+00	1.000000e+06	1.000000e+06	1.000000e+06	1.000000e+06	1.000000e+06	
3.669142e+00	1.000000e+06	1.000000e+06	1.000000e+06	1.000000e+06	1.000000e+06	
3.711672e+00	1.000000e+06	1.000000e+06	1.000000e+06	1.000000e+06	1.000000e+06	
3.754694e+00	1.000000e+06	1.000000e+06	1.000000e+06	1.000000e+06	1.000000e+06	
3.798215e+00	1.000000e+06	1.000000e+06	1.000000e+06	1.000000e+06	1.000000e+06	
3.842241e+00	1.000000e+06	1.000000e+06	1.000000e+06	1.000000e+06	1.000000e+06	
3.886777e+00	1.000000e+06	1.000000e+06	1.000000e+06	1.000000e+06	1.000000e+06	
3.931829e+00	1.000000e+06	1.000000e+06	1.000000e+06	1.000000e+06	1.000000e+06	
3.977403e+00	1.000000e+06	1.000000e+06	1.000000e+06	1.000000e+06	1.000000e+06	
4.023506e+00	1.000000e+06	1.000000e+06	1.000000e+06	1.000000e+06	1.000000e+06	
4.070142e+00	1.000000e+06	1.000000e+06	1.000000e+06	1.000000e+06	1.000000e+06	
4.117320e+00	1.000000e+06	1.000000e+06	1.000000e+06	1.000000e+06	1.000000e+06	
4.165044e+00	1.000000e+06	1.000000e+06	1.000000e+06	1.000000e+06	1.000000e+06	
4.213322e+00	1.000000e+06	1.000000e+06	1.000000e+06	1.000000e+06	1.000000e+06	
4.262159e+00	1.000000e+06	1.000000e+06	1.000000e+06	1.000000e+06	1.000000e+06	
4.311562e+00	1.000000e+06	1.000000e+06	1.000000e+06	1.000000e+06	1.000000e+06	
4.361538e+00	1.000000e+06	1.000000e+06	1.000000e+06	1.000000e+06	1.000000e+06	
4.412093e+00	1.000000e+06	1.000000e+06	1.000000e+06	1.000000e+06	1.000000e+06	
4.463234e+00	1.000000e+06	1.000000e+06	1.000000e+06	1.000000e+06	1.000000e+06	
4.514968e+00	1.000000e+06	1.000000e+06	1.000000e+06	1.000000e+06	1.000000e+06	
4.567301e+00	1.000000e+06	1.000000e+06	1.000000e+06	1.000000e+06	1.000000e+06	
4.620241e+00	1.000000e+06	1.000000e+06	1.000000e+06	1.000000e+06	1.000000e+06	
4.673795e+00	1.000000e+06	1.000000e+06	1.000000e+06	1.000000e+06	1.000000e+06	
4.727970e+00	1.000000e+06	1.000000e+06	1.000000e+06	1.000000e+06	1.000000e+06	
4.782772e+00	1.000000e+06	1.000000e+06	1.000000e+06	1.000000e+06	1.000000e+06	
4.838210e+00	1.000000e+06	1.000000e+06	1.000000e+06	1.000000e+06	1.000000e+06	
4.894290e+00	1.000000e+06	1.000000e+06	1.000000e+06	1.000000e+06	1.000000e+06	
4.951020e+00	1.000000e+06	1.000000e+06	1.000000e+06	1.000000e+06	1.000000e+06	
5.008408e+00	1.000000e+06	1.000000e+06	1.000000e+06	1.000000e+06	1.000000e+06	
5.066461e+00	1.000000e+06	1.000000e+06	1.000000e+06	1.000000e+06	1.000000e+06	
5.125187e+00	1.000000e+06	1.000000e+06	1.000000e+06	1.000000e+06	1.000000e+06	
5.184594e+00	1.000000e+06	1.000000e+06	1.000000e+06	1.000000e+06	1.000000e+06	
5.244689e+00	1.000000e+06	1.000000e+06	1.000000e+06	1.000000e+06	1.000000e+06	
5.305481e+00	1.000000e+06	1.000000e+06	1.000000e+06	1.000000e+06	1.000000e+06	
5.366977e+00	1.000000e+06	1.000000e+06	1.000000e+06	1.000000e+06	1.000000e+06	
5.429186e+00	1.000000e+06	1.000000e+06	1.000000e+06	1.000000e+06	1.000000e+06	
5.492116e+00	1.000000e+06	1.000000e+06	1.000000e+06	1.000000e+06	1.000000e+06	
5.555776e+00	1.000000e+06	1.000000e+06	1.000000e+06	1.000000e+06	1.000000e+06	
5.620174e+00	1.000000e+06	1.000000e+06	1.000000e+06	1.000000e+06	1.000000e+06	
5.685318e+00	1.000000e+06	1.000000e+06	1.000000e+06	1.000000e+06	1.000000e+06	
5.751217e+00	1.000000e+06	1.000000e+06	1.000000e+06	1.000000e+06	1.000000e+06	
5.817880e+00	1.000000e+06	1.000000e+06	1.000000e+06	1.000000e+06	1.000000e+06	
5.885316e+00	1.000000e+06	1.000000e+06	1.000000e+06	1.000000e+06	1.000000e+06	
5.953533e+00	1.000000e+06	1.000000e+06	1.000000e+06	1.000000e+06	1.000000e+06	
6.022541e+00	1.000000e+06	1.000000e+06	1.000000e+06	1.000000e+06	1.000000e+06	
6.092349e+00	1.000000e+06	1.000000e+06	1.000000e+06	1.000000e+06	1.000000e+06	
6.162966e+00	1.000000e+06	1.000000e+06	1.000000e+06	1.000000e+06	1.000000e+06	
6.234402e+00	1.000000e+06	1.000000e+06	1.000000e+06	1.000000e+06	1.000000e+06	
6.306666e+00	1.000000e+06	1.000000e+06	1.000000e+06	1.000000e+06	1.000000e+06	
6.379767e+00	1.000000e+06	1.000000e+06	1.000000e+06	1.000000e+06	1.000000e+06	
6.453715e+00	1.000000e+06	1.000000e+06	1.000000e+06	1.000000e+06	1.000000e+06	
6.528521e+00	1.000000e+06	1.000000e+06	1.000000e+06	1.000000e+06	1.000000e+06	
6.604194e+00	1.000000e+06	1.000000e+06	1.000000e+06	1.000000e+06	1.000000e+06	
6.680744e+00	1.000000e+06	1.000000e+06	1.000000e+06	1.000000e+06	1.000000e+06	
6.758181e+00	1.000000e+06	1.000000e+06	1.000000e+06	1.000000e+06	1.000000e+06	
6.836516e+00	1.000000e+06	1.000000e+06	1.000000e+06	1.000000e+06	1.000000e+06	
6.915759e+00	1.000000e+06	1.000000e+06	1.000000e+06	1.000000e+06	1.000000e+06	
6.995920e+00	1.000000e+06	1.000000e+06	1.000000e+06	1.000000e+06	1.000000e+06	
7.077011e+00	1.000000e+06	1.000000e+06	1.000000e+06	1.000000e+06	1.000000e+06	
7.159041e+00	1.000000e+06	1.000000e+06	1.000000e+06	1.000000e+06	1.000000e+06	
7.242022e+00	1.000000e+06	1.000000e+06	1.000000e+06	1.000000e+06	1.000000e+06	
7.325965e+00	1.000000e+06	1.000000e+06	1.000000e+06	1.000000e+06	1.000000e+06	
7.410882e+00	1.000000e+06	1.000000e+06	1.000000e+06	1.000000e+06	1.000000e+06	
7.496782e+00	1.000000e+06	1.000000e+06	1.000000e+06	1.000000e+06	1.000000e+06	
7.583678e+00	1.000000e+06	1.000000e+06	1.000000e+06	1.000000e+06	1.000000e+06	
7.671581e+00	1.000000e+06	1.000000e+06	1.000000e+06	1.000000e+06	1.000000e+06	
7.760503e+00	1.000000e+06	1.000000e+06	1.000000e+06	1.000000e+06	1.000000e+06	
7.850456e+00	1.000000e+06	1.000000e+06	1.000000e+06	1.000000e+06	1.000000e+06	
7.941452e+00	1.000000e+06	1.000000e+06	1.000000e+06	1.000000e+06	1.000000e+06	
8.033502e+00	1.000000e+06	1.000000e+06	1.000000e+06	1.000000e+06	1.000000e+06	
8.126619e+00	1.000000e+06	1.000000e+06	1.000000e+06	1.000000e+06	1.000000e+06	
8.220816e+00	1.000000e+06	1.000000e+06	1.000000e+06	1.000000e+06	1.000000e+06	
8.316104e+00	1.000000e+06	1.000000e+06	1.000000e+06	1.000000e+06	1.000000e+06	
8.412497e+00	1.000000e+06	1.000000e+06	1.000000e+06	1.000000e+06	1.000000e+06	
8.510007e+00	1.000000e+06	1.000000e+06	1.000000e+06	1.000000e+06	1.000000e+06	
8.608648e+00	1.000000e+06	1.000000e+06	1.000000e+06	1.000000e+06	1.000000e+06	
8.708431e+00	1.000000e+06	1.000000e+06	1.000000e+06	1.000000e+06	1.000000e+06	
8.809372e+00	1.000000e+06	1.000000e+06	1.000000e+06	1.000000e+06	1.000000e+06	
8.911482e+00	1.000000e+06	1.000000e+06	1.000000e+06	1.000000e+06	1.000000e+06	
9.014776e+00	1.000000e+06	1.000000e+06	1.000000e+06	1.000000e+06	1.000000e+06	
9.119268e+00	1.000000e+06	1.000000e+06	1.000000e+06	1.000000e+06	1.000000e+06	
9.224970e+00	1.000000e+06	1.000000e+06	1.000000e+06	1.000000e+06	1.000000e+06	
9.331898e+00	1.000000e+06	1.000000e+06	1.000000e+06	1.000000e+06	1.000000e+06	
9.440065e+00	1.000000e+06	1.000000e+06	1.000000e+06	1.000000e+06	1.000000e+06	
9.549486e+00	1.000000e+06	1.000000e+06	1.000000e+06	1.000000e+06	1.000000e+06	
9.660175e+00	1.000000e+06	1.000000e+06	1.000000e+06	1.000000e+06	1.000000e+06	
9.772147e+00	1.000000e+06	1.000000e+06	1.000000e+06	1.000000e+06	1.000000e+06	
9.885417e+00	1.000000e+06	1.000000e+06	1.000000e+06	1.000000e+06	1.000000e+06	
1.000000e+01	1.000000e+06	1.000000e+06	1.000000e+06	1.000000e+06	1.000000e+06	
