# E - 0.05 - 0.5 - 1 - 2 - 3 - 5
1.000000e+16	1.050000e+16	1.500000e+16	2.000000e+16	3.000000e+16	4.000000e+16	6.019905e+16	
1.149757e+16	1.207245e+16	1.724635e+16	2.299514e+16	3.449271e+16	4.599027e+16	6.963044e+16	
1.321941e+16	1.388038e+16	1.982912e+16	2.643882e+16	3.965823e+16	5.287771e+16	8.123913e+16	
1.519911e+16	1.595907e+16	2.279867e+16	3.039822e+16	4.559733e+16	6.079740e+16	9.670198e+16	
1.747528e+16	1.834905e+16	2.621293e+16	3.495057e+16	5.242585e+16	6.990820e+16	1.208900e+17	
2.009233e+16	2.109695e+16	3.013850e+16	4.018466e+16	6.027700e+16	8.042510e+16	1.775110e+17	
2.310130e+16	2.425636e+16	3.465195e+16	4.620259e+16	6.930400e+16	9.260563e+16	1.312726e+18	
2.656088e+16	2.788892e+16	3.984132e+16	5.312176e+16	7.968363e+16	1.068739e+17	1.000000e+30	
3.053856e+16	3.206548e+16	4.580783e+16	6.107711e+16	9.162197e+16	1.239681e+17	1.000000e+30	
3.511192e+16	3.686751e+16	5.266788e+16	7.022383e+16	1.053733e+17	1.453344e+17	1.000000e+30	
4.037017e+16	4.238868e+16	6.055526e+16	8.074035e+16	1.212539e+17	1.741759e+17	1.000000e+30	
4.641589e+16	4.873668e+16	6.962383e+16	9.283181e+16	1.397065e+17	2.193824e+17	1.000000e+30	
5.336699e+16	5.603534e+16	8.005049e+16	1.067343e+17	1.614193e+17	3.154067e+17	1.000000e+30	
6.135907e+16	6.442703e+16	9.203861e+16	1.227199e+17	1.875765e+17	8.098341e+17	1.000000e+30	
7.054802e+16	7.407542e+16	1.058220e+17	1.411045e+17	2.204779e+17	1.000000e+30	1.000000e+30	
8.111308e+16	8.516874e+16	1.216697e+17	1.622613e+17	2.648038e+17	1.000000e+30	1.000000e+30	
9.326033e+16	9.792335e+16	1.398907e+17	1.866486e+17	3.323128e+17	1.000000e+30	1.000000e+30	
1.072267e+17	1.125881e+17	1.608413e+17	2.148653e+17	4.607171e+17	1.000000e+30	1.000000e+30	
1.232847e+17	1.294489e+17	1.849329e+17	2.477278e+17	8.494598e+17	1.000000e+30	1.000000e+30	
1.417474e+17	1.488348e+17	2.126450e+17	2.864833e+17	4.095823e+18	1.000000e+30	1.000000e+30	
1.629751e+17	1.711239e+17	2.445479e+17	3.331447e+17	1.000000e+30	1.000000e+30	1.000000e+30	
1.873817e+17	1.967509e+17	2.813408e+17	3.911274e+17	1.000000e+30	1.000000e+30	1.000000e+30	
2.154435e+17	2.262161e+17	3.239252e+17	4.669023e+17	1.000000e+30	1.000000e+30	1.000000e+30	
2.477076e+17	2.600951e+17	3.735126e+17	5.731637e+17	1.000000e+30	1.000000e+30	1.000000e+30	
2.848036e+17	2.990519e+17	4.318734e+17	7.391664e+17	1.000000e+30	1.000000e+30	1.000000e+30	
3.274549e+17	3.438550e+17	5.016080e+17	1.043622e+18	1.000000e+30	1.000000e+30	1.000000e+30	
3.764936e+17	3.953995e+17	5.868831e+17	1.746530e+18	1.000000e+30	1.000000e+30	1.000000e+30	
4.328761e+17	4.547364e+17	6.944308e+17	3.884103e+18	1.000000e+30	1.000000e+30	1.000000e+30	
4.977024e+17	5.231128e+17	8.355083e+17	1.111635e+19	1.000000e+30	1.000000e+30	1.000000e+30	
5.722368e+17	6.020234e+17	1.030554e+18	3.792742e+19	1.000000e+30	1.000000e+30	1.000000e+30	
6.579332e+17	6.932727e+17	1.317363e+18	1.000000e+30	1.000000e+30	1.000000e+30	1.000000e+30	
7.564633e+17	7.990544e+17	1.768092e+18	1.000000e+30	1.000000e+30	1.000000e+30	1.000000e+30	
8.697490e+17	9.220220e+17	2.530370e+18	1.000000e+30	1.000000e+30	1.000000e+30	1.000000e+30	
1.000000e+18	1.065417e+18	3.885577e+18	1.000000e+30	1.000000e+30	1.000000e+30	1.000000e+30	
1.149757e+18	1.233131e+18	6.301742e+18	1.000000e+30	1.000000e+30	1.000000e+30	1.000000e+30	
1.321941e+18	1.429857e+18	1.040686e+19	1.000000e+30	1.000000e+30	1.000000e+30	1.000000e+30	
1.519911e+18	1.661105e+18	1.677319e+19	1.000000e+30	1.000000e+30	1.000000e+30	1.000000e+30	
1.747528e+18	1.933465e+18	2.580086e+19	1.000000e+30	1.000000e+30	1.000000e+30	1.000000e+30	
2.009233e+18	2.254399e+18	4.055090e+19	1.000000e+30	1.000000e+30	1.000000e+30	1.000000e+30	
2.310130e+18	2.632838e+18	1.843644e+23	1.000000e+30	1.000000e+30	1.000000e+30	1.000000e+30	
2.656088e+18	3.078489e+18	1.000000e+30	1.000000e+30	1.000000e+30	1.000000e+30	1.000000e+30	
3.053856e+18	3.602625e+18	1.000000e+30	1.000000e+30	1.000000e+30	1.000000e+30	1.000000e+30	
3.511192e+18	4.217635e+18	1.000000e+30	1.000000e+30	1.000000e+30	1.000000e+30	1.000000e+30	
4.037017e+18	4.937728e+18	1.000000e+30	1.000000e+30	1.000000e+30	1.000000e+30	1.000000e+30	
4.641589e+18	5.777490e+18	1.000000e+30	1.000000e+30	1.000000e+30	1.000000e+30	1.000000e+30	
5.336699e+18	6.755384e+18	1.000000e+30	1.000000e+30	1.000000e+30	1.000000e+30	1.000000e+30	
6.135907e+18	7.889158e+18	1.000000e+30	1.000000e+30	1.000000e+30	1.000000e+30	1.000000e+30	
7.054802e+18	9.200494e+18	1.000000e+30	1.000000e+30	1.000000e+30	1.000000e+30	1.000000e+30	
8.111308e+18	1.071084e+19	1.000000e+30	1.000000e+30	1.000000e+30	1.000000e+30	1.000000e+30	
9.326033e+18	1.244990e+19	1.000000e+30	1.000000e+30	1.000000e+30	1.000000e+30	1.000000e+30	
1.072267e+19	1.444324e+19	1.000000e+30	1.000000e+30	1.000000e+30	1.000000e+30	1.000000e+30	
1.232847e+19	1.672626e+19	1.000000e+30	1.000000e+30	1.000000e+30	1.000000e+30	1.000000e+30	
1.417474e+19	1.933415e+19	1.000000e+30	1.000000e+30	1.000000e+30	1.000000e+30	1.000000e+30	
1.629751e+19	2.231232e+19	1.000000e+30	1.000000e+30	1.000000e+30	1.000000e+30	1.000000e+30	
1.873817e+19	2.570690e+19	1.000000e+30	1.000000e+30	1.000000e+30	1.000000e+30	1.000000e+30	
2.154435e+19	2.958099e+19	1.000000e+30	1.000000e+30	1.000000e+30	1.000000e+30	1.000000e+30	
2.477076e+19	3.402398e+19	1.000000e+30	1.000000e+30	1.000000e+30	1.000000e+30	1.000000e+30	
2.848036e+19	3.918551e+19	1.000000e+30	1.000000e+30	1.000000e+30	1.000000e+30	1.000000e+30	
3.274549e+19	4.545431e+19	1.000000e+30	1.000000e+30	1.000000e+30	1.000000e+30	1.000000e+30	
3.764936e+19	5.374049e+19	1.000000e+30	1.000000e+30	1.000000e+30	1.000000e+30	1.000000e+30	
4.328761e+19	6.740769e+19	1.000000e+30	1.000000e+30	1.000000e+30	1.000000e+30	1.000000e+30	
4.977024e+19	1.144281e+20	1.000000e+30	1.000000e+30	1.000000e+30	1.000000e+30	1.000000e+30	
5.722368e+19	6.602412e+21	1.000000e+30	1.000000e+30	1.000000e+30	1.000000e+30	1.000000e+30	
6.579332e+19	1.457117e+24	1.000000e+30	1.000000e+30	1.000000e+30	1.000000e+30	1.000000e+30	
7.564633e+19	1.030969e+26	1.000000e+30	1.000000e+30	1.000000e+30	1.000000e+30	1.000000e+30	
8.697490e+19	1.918401e+27	1.000000e+30	1.000000e+30	1.000000e+30	1.000000e+30	1.000000e+30	
1.000000e+20	1.382503e+28	1.000000e+30	1.000000e+30	1.000000e+30	1.000000e+30	1.000000e+30	
1.149757e+20	5.352438e+28	1.000000e+30	1.000000e+30	1.000000e+30	1.000000e+30	1.000000e+30	
1.321941e+20	1.401391e+29	1.000000e+30	1.000000e+30	1.000000e+30	1.000000e+30	1.000000e+30	
1.519911e+20	2.856021e+29	1.000000e+30	1.000000e+30	1.000000e+30	1.000000e+30	1.000000e+30	
1.747528e+20	4.942833e+29	1.000000e+30	1.000000e+30	1.000000e+30	1.000000e+30	1.000000e+30	
2.009233e+20	7.684073e+29	1.000000e+30	1.000000e+30	1.000000e+30	1.000000e+30	1.000000e+30	
2.310130e+20	1.000000e+30	1.000000e+30	1.000000e+30	1.000000e+30	1.000000e+30	1.000000e+30	
2.656088e+20	1.000000e+30	1.000000e+30	1.000000e+30	1.000000e+30	1.000000e+30	1.000000e+30	
3.053856e+20	1.000000e+30	1.000000e+30	1.000000e+30	1.000000e+30	1.000000e+30	1.000000e+30	
3.511192e+20	1.000000e+30	1.000000e+30	1.000000e+30	1.000000e+30	1.000000e+30	1.000000e+30	
4.037017e+20	1.000000e+30	1.000000e+30	1.000000e+30	1.000000e+30	1.000000e+30	1.000000e+30	
4.641589e+20	1.000000e+30	1.000000e+30	1.000000e+30	1.000000e+30	1.000000e+30	1.000000e+30	
5.336699e+20	1.000000e+30	1.000000e+30	1.000000e+30	1.000000e+30	1.000000e+30	1.000000e+30	
6.135907e+20	1.000000e+30	1.000000e+30	1.000000e+30	1.000000e+30	1.000000e+30	1.000000e+30	
7.054802e+20	1.000000e+30	1.000000e+30	1.000000e+30	1.000000e+30	1.000000e+30	1.000000e+30	
8.111308e+20	1.000000e+30	1.000000e+30	1.000000e+30	1.000000e+30	1.000000e+30	1.000000e+30	
9.326033e+20	1.000000e+30	1.000000e+30	1.000000e+30	1.000000e+30	1.000000e+30	1.000000e+30	
1.072267e+21	1.000000e+30	1.000000e+30	1.000000e+30	1.000000e+30	1.000000e+30	1.000000e+30	
1.232847e+21	1.000000e+30	1.000000e+30	1.000000e+30	1.000000e+30	1.000000e+30	1.000000e+30	
1.417474e+21	1.000000e+30	1.000000e+30	1.000000e+30	1.000000e+30	1.000000e+30	1.000000e+30	
1.629751e+21	1.000000e+30	1.000000e+30	1.000000e+30	1.000000e+30	1.000000e+30	1.000000e+30	
1.873817e+21	1.000000e+30	1.000000e+30	1.000000e+30	1.000000e+30	1.000000e+30	1.000000e+30	
2.154435e+21	1.000000e+30	1.000000e+30	1.000000e+30	1.000000e+30	1.000000e+30	1.000000e+30	
2.477076e+21	1.000000e+30	1.000000e+30	1.000000e+30	1.000000e+30	1.000000e+30	1.000000e+30	
2.848036e+21	1.000000e+30	1.000000e+30	1.000000e+30	1.000000e+30	1.000000e+30	1.000000e+30	
3.274549e+21	1.000000e+30	1.000000e+30	1.000000e+30	1.000000e+30	1.000000e+30	1.000000e+30	
3.764936e+21	1.000000e+30	1.000000e+30	1.000000e+30	1.000000e+30	1.000000e+30	1.000000e+30	
4.328761e+21	1.000000e+30	1.000000e+30	1.000000e+30	1.000000e+30	1.000000e+30	1.000000e+30	
4.977024e+21	1.000000e+30	1.000000e+30	1.000000e+30	1.000000e+30	1.000000e+30	1.000000e+30	
5.722368e+21	1.000000e+30	1.000000e+30	1.000000e+30	1.000000e+30	1.000000e+30	1.000000e+30	
6.579332e+21	1.000000e+30	1.000000e+30	1.000000e+30	1.000000e+30	1.000000e+30	1.000000e+30	
7.564633e+21	1.000000e+30	1.000000e+30	1.000000e+30	1.000000e+30	1.000000e+30	1.000000e+30	
8.697490e+21	1.000000e+30	1.000000e+30	1.000000e+30	1.000000e+30	1.000000e+30	1.000000e+30	
1.000000e+22	1.000000e+30	1.000000e+30	1.000000e+30	1.000000e+30	1.000000e+30	1.000000e+30	
