# x - spectrum
1.000000e-04	8.303824e-17	4.755938e-16	3.059316e-15	0.000000e+00	
1.009262e-04	8.303824e-17	4.755938e-16	3.059316e-15	0.000000e+00	
1.018610e-04	8.303824e-17	4.755938e-16	3.059316e-15	0.000000e+00	
1.028045e-04	8.303824e-17	4.755938e-16	3.059316e-15	0.000000e+00	
1.037567e-04	8.303824e-17	4.755938e-16	3.059316e-15	0.000000e+00	
1.047177e-04	8.303824e-17	4.755938e-16	3.059316e-15	0.000000e+00	
1.056876e-04	8.303824e-17	4.755938e-16	3.059316e-15	0.000000e+00	
1.066665e-04	8.303824e-17	4.755938e-16	3.059316e-15	0.000000e+00	
1.076545e-04	8.303824e-17	4.755938e-16	3.059316e-15	0.000000e+00	
1.086516e-04	8.303824e-17	4.755938e-16	3.059316e-15	0.000000e+00	
1.096579e-04	8.303824e-17	4.755938e-16	3.059316e-15	0.000000e+00	
1.106736e-04	8.303824e-17	4.755938e-16	3.059316e-15	0.000000e+00	
1.116987e-04	8.303824e-17	4.755938e-16	3.059316e-15	0.000000e+00	
1.127333e-04	8.303824e-17	4.755938e-16	3.059316e-15	0.000000e+00	
1.137774e-04	8.303824e-17	4.755938e-16	3.059316e-15	0.000000e+00	
1.148312e-04	8.303824e-17	4.755938e-16	3.059316e-15	0.000000e+00	
1.158948e-04	8.303824e-17	4.755938e-16	3.059316e-15	0.000000e+00	
1.169683e-04	8.303824e-17	4.755938e-16	3.059316e-15	0.000000e+00	
1.180517e-04	8.303824e-17	4.755938e-16	3.059316e-15	0.000000e+00	
1.191451e-04	8.303824e-17	4.755938e-16	3.059316e-15	0.000000e+00	
1.202486e-04	8.303824e-17	4.755938e-16	3.059316e-15	0.000000e+00	
1.213624e-04	8.303824e-17	4.755938e-16	3.059316e-15	0.000000e+00	
1.224865e-04	8.303824e-17	4.755938e-16	3.059316e-15	0.000000e+00	
1.236210e-04	8.303824e-17	4.755938e-16	3.059316e-15	0.000000e+00	
1.247660e-04	8.303824e-17	4.755938e-16	3.059316e-15	0.000000e+00	
1.259216e-04	8.303824e-17	4.755938e-16	3.059316e-15	0.000000e+00	
1.270879e-04	8.303824e-17	4.755938e-16	3.059316e-15	0.000000e+00	
1.282650e-04	8.303824e-17	4.755938e-16	3.059316e-15	0.000000e+00	
1.294530e-04	8.303824e-17	4.755938e-16	3.059316e-15	0.000000e+00	
1.306520e-04	8.303824e-17	4.755938e-16	3.059316e-15	0.000000e+00	
1.318621e-04	8.303824e-17	4.755938e-16	3.059316e-15	0.000000e+00	
1.330835e-04	8.303824e-17	4.755938e-16	3.059316e-15	0.000000e+00	
1.343161e-04	8.303824e-17	4.755938e-16	3.059316e-15	0.000000e+00	
1.355602e-04	8.303824e-17	4.755938e-16	3.059316e-15	0.000000e+00	
1.368158e-04	8.303824e-17	4.755938e-16	3.059316e-15	0.000000e+00	
1.380830e-04	8.303824e-17	4.755938e-16	3.059316e-15	0.000000e+00	
1.393619e-04	8.303824e-17	4.755938e-16	3.059316e-15	0.000000e+00	
1.406527e-04	8.303824e-17	4.755938e-16	3.059316e-15	0.000000e+00	
1.419555e-04	8.303824e-17	4.755938e-16	3.059316e-15	0.000000e+00	
1.432703e-04	8.303824e-17	4.755938e-16	3.059316e-15	0.000000e+00	
1.445973e-04	8.303824e-17	4.755938e-16	3.059316e-15	0.000000e+00	
1.459366e-04	8.303824e-17	4.755938e-16	3.059316e-15	0.000000e+00	
1.472883e-04	8.303824e-17	4.755938e-16	3.059316e-15	0.000000e+00	
1.486525e-04	8.303824e-17	4.755938e-16	3.059316e-15	0.000000e+00	
1.500293e-04	8.303824e-17	4.755938e-16	3.059316e-15	0.000000e+00	
1.514189e-04	8.303824e-17	4.755938e-16	3.059316e-15	0.000000e+00	
1.528214e-04	8.303824e-17	4.755938e-16	3.059316e-15	0.000000e+00	
1.542369e-04	8.303824e-17	4.755938e-16	3.059316e-15	0.000000e+00	
1.556654e-04	8.303824e-17	4.755938e-16	3.059316e-15	0.000000e+00	
1.571072e-04	8.303824e-17	4.755938e-16	3.059316e-15	0.000000e+00	
1.585624e-04	8.303824e-17	4.755938e-16	3.059316e-15	0.000000e+00	
1.600310e-04	8.303824e-17	4.755938e-16	3.059316e-15	0.000000e+00	
1.615133e-04	8.303824e-17	4.755938e-16	3.059316e-15	0.000000e+00	
1.630092e-04	8.303824e-17	4.755938e-16	3.059316e-15	0.000000e+00	
1.645191e-04	8.303824e-17	4.755938e-16	3.059316e-15	0.000000e+00	
1.660429e-04	8.303824e-17	4.755938e-16	3.059316e-15	0.000000e+00	
1.675808e-04	8.303824e-17	4.755938e-16	3.059316e-15	0.000000e+00	
1.691330e-04	8.303824e-17	4.755938e-16	3.059316e-15	0.000000e+00	
1.706995e-04	8.303824e-17	4.755938e-16	3.059316e-15	0.000000e+00	
1.722805e-04	8.303824e-17	4.755938e-16	3.059316e-15	0.000000e+00	
1.738762e-04	8.303824e-17	4.755938e-16	3.059316e-15	0.000000e+00	
1.754867e-04	8.303824e-17	4.755938e-16	3.059316e-15	0.000000e+00	
1.771121e-04	8.303824e-17	4.755938e-16	3.059316e-15	0.000000e+00	
1.787526e-04	8.303824e-17	4.755938e-16	3.059316e-15	0.000000e+00	
1.804082e-04	8.303824e-17	4.755938e-16	3.059316e-15	0.000000e+00	
1.820792e-04	8.303824e-17	4.755938e-16	3.059316e-15	0.000000e+00	
1.837656e-04	8.303824e-17	4.755938e-16	3.059316e-15	0.000000e+00	
1.854677e-04	8.303824e-17	4.755938e-16	3.059316e-15	0.000000e+00	
1.871855e-04	8.303824e-17	4.755938e-16	3.059316e-15	0.000000e+00	
1.889193e-04	8.303824e-17	4.755938e-16	3.059316e-15	0.000000e+00	
1.906691e-04	8.303824e-17	4.755938e-16	3.059316e-15	0.000000e+00	
1.924351e-04	8.303824e-17	4.755938e-16	3.059316e-15	0.000000e+00	
1.942175e-04	8.303824e-17	4.755938e-16	3.059316e-15	0.000000e+00	
1.960163e-04	8.303824e-17	4.755938e-16	3.059316e-15	0.000000e+00	
1.978319e-04	8.303824e-17	4.755938e-16	3.059316e-15	0.000000e+00	
1.996642e-04	8.303824e-17	4.755938e-16	3.059316e-15	0.000000e+00	
2.015136e-04	8.303824e-17	4.755938e-16	3.059316e-15	0.000000e+00	
2.033800e-04	8.303824e-17	4.755938e-16	3.059316e-15	0.000000e+00	
2.052638e-04	8.303824e-17	4.755938e-16	3.059316e-15	0.000000e+00	
2.071650e-04	8.303824e-17	4.755938e-16	3.059316e-15	0.000000e+00	
2.090838e-04	8.303824e-17	4.755938e-16	3.059316e-15	0.000000e+00	
2.110203e-04	8.303824e-17	4.755938e-16	3.059316e-15	0.000000e+00	
2.129749e-04	8.303824e-17	4.755938e-16	3.059316e-15	0.000000e+00	
2.149475e-04	8.303824e-17	4.755938e-16	3.059316e-15	0.000000e+00	
2.169384e-04	8.303824e-17	4.755938e-16	3.059316e-15	0.000000e+00	
2.189477e-04	8.303824e-17	4.755938e-16	3.059316e-15	0.000000e+00	
2.209756e-04	8.303824e-17	4.755938e-16	3.059316e-15	0.000000e+00	
2.230223e-04	8.303824e-17	4.755938e-16	3.059316e-15	0.000000e+00	
2.250880e-04	8.303824e-17	4.755938e-16	3.059316e-15	0.000000e+00	
2.271728e-04	8.303824e-17	4.755938e-16	3.059316e-15	0.000000e+00	
2.292769e-04	8.303824e-17	4.755938e-16	3.059316e-15	0.000000e+00	
2.314005e-04	8.303824e-17	4.755938e-16	3.059316e-15	0.000000e+00	
2.335438e-04	8.303824e-17	4.755938e-16	3.059316e-15	0.000000e+00	
2.357069e-04	8.303824e-17	4.755938e-16	3.059316e-15	0.000000e+00	
2.378901e-04	8.303824e-17	4.755938e-16	3.059316e-15	0.000000e+00	
2.400935e-04	8.303824e-17	4.755938e-16	3.059316e-15	0.000000e+00	
2.423173e-04	8.303824e-17	4.755938e-16	3.059316e-15	0.000000e+00	
2.445617e-04	8.303824e-17	4.755938e-16	3.059316e-15	0.000000e+00	
2.468268e-04	8.303824e-17	4.755938e-16	3.059316e-15	0.000000e+00	
2.491130e-04	8.303824e-17	4.755938e-16	3.059316e-15	0.000000e+00	
2.514203e-04	8.303824e-17	4.755938e-16	3.059316e-15	0.000000e+00	
2.537490e-04	8.303824e-17	4.755938e-16	3.059316e-15	0.000000e+00	
2.560993e-04	8.303824e-17	4.755938e-16	3.059316e-15	0.000000e+00	
2.584714e-04	8.303824e-17	4.755938e-16	3.059316e-15	0.000000e+00	
2.608654e-04	8.303824e-17	4.755938e-16	3.059316e-15	0.000000e+00	
2.632815e-04	8.303824e-17	4.755938e-16	3.059315e-15	0.000000e+00	
2.657201e-04	8.303824e-17	4.755938e-16	3.059312e-15	0.000000e+00	
2.681813e-04	8.303824e-17	4.755938e-16	3.059307e-15	0.000000e+00	
2.706652e-04	8.303824e-17	4.755938e-16	3.059299e-15	0.000000e+00	
2.731722e-04	8.303824e-17	4.755938e-16	3.059288e-15	0.000000e+00	
2.757023e-04	8.303824e-17	4.755938e-16	3.059274e-15	0.000000e+00	
2.782559e-04	8.303824e-17	4.755938e-16	3.059255e-15	0.000000e+00	
2.808332e-04	8.303824e-17	4.755938e-16	3.059232e-15	0.000000e+00	
2.834343e-04	8.303824e-17	4.755938e-16	3.059203e-15	0.000000e+00	
2.860596e-04	8.303824e-17	4.755938e-16	3.059170e-15	0.000000e+00	
2.887091e-04	8.303824e-17	4.755938e-16	3.059131e-15	0.000000e+00	
2.913832e-04	8.303824e-17	4.755938e-16	3.059086e-15	0.000000e+00	
2.940820e-04	8.303824e-17	4.755938e-16	3.059034e-15	0.000000e+00	
2.968059e-04	8.303824e-17	4.755938e-16	3.058976e-15	0.000000e+00	
2.995549e-04	8.303824e-17	4.755938e-16	3.058910e-15	0.000000e+00	
3.023295e-04	8.303824e-17	4.755938e-16	3.058838e-15	0.000000e+00	
3.051297e-04	8.303824e-17	4.755938e-16	3.058757e-15	0.000000e+00	
3.079559e-04	8.303824e-17	4.755938e-16	3.058669e-15	0.000000e+00	
3.108082e-04	8.303824e-17	4.755938e-16	3.058572e-15	0.000000e+00	
3.136870e-04	8.303824e-17	4.755938e-16	3.058466e-15	0.000000e+00	
3.165924e-04	8.303824e-17	4.755938e-16	3.058351e-15	0.000000e+00	
3.195248e-04	8.303824e-17	4.755938e-16	3.058227e-15	0.000000e+00	
3.224842e-04	8.303824e-17	4.755938e-16	3.058094e-15	0.000000e+00	
3.254712e-04	8.303824e-17	4.755938e-16	3.057951e-15	0.000000e+00	
3.284857e-04	8.303824e-17	4.755938e-16	3.057797e-15	0.000000e+00	
3.315282e-04	8.303824e-17	4.755938e-16	3.057633e-15	0.000000e+00	
3.345989e-04	8.303824e-17	4.755938e-16	3.057458e-15	0.000000e+00	
3.376980e-04	8.303824e-17	4.755938e-16	3.057273e-15	0.000000e+00	
3.408259e-04	8.303824e-17	4.755938e-16	3.057076e-15	0.000000e+00	
3.439826e-04	8.303824e-17	4.755938e-16	3.056867e-15	0.000000e+00	
3.471687e-04	8.303824e-17	4.755938e-16	3.056647e-15	0.000000e+00	
3.503842e-04	8.303824e-17	4.755938e-16	3.056414e-15	0.000000e+00	
3.536296e-04	8.303824e-17	4.755938e-16	3.056170e-15	0.000000e+00	
3.569049e-04	8.303824e-17	4.755938e-16	3.055912e-15	0.000000e+00	
3.602107e-04	8.303824e-17	4.755938e-16	3.055642e-15	0.000000e+00	
3.635470e-04	8.303824e-17	4.755938e-16	3.055358e-15	0.000000e+00	
3.669142e-04	8.303824e-17	4.755938e-16	3.055062e-15	0.000000e+00	
3.703127e-04	8.303824e-17	4.755938e-16	3.054751e-15	0.000000e+00	
3.737426e-04	8.303824e-17	4.755938e-16	3.054427e-15	0.000000e+00	
3.772042e-04	8.303824e-17	4.755938e-16	3.054088e-15	0.000000e+00	
3.806980e-04	8.303824e-17	4.755938e-16	3.053736e-15	0.000000e+00	
3.842241e-04	8.303824e-17	4.755938e-16	3.053368e-15	0.000000e+00	
3.877828e-04	8.303824e-17	4.755938e-16	3.052986e-15	0.000000e+00	
3.913746e-04	8.303824e-17	4.755938e-16	3.052589e-15	0.000000e+00	
3.949995e-04	8.303824e-17	4.755938e-16	3.052176e-15	0.000000e+00	
3.986581e-04	8.303824e-17	4.755938e-16	3.051748e-15	0.000000e+00	
4.023506e-04	8.303824e-17	4.755938e-16	3.051304e-15	0.000000e+00	
4.060772e-04	8.303824e-17	4.755938e-16	3.050844e-15	0.000000e+00	
4.098384e-04	8.303824e-17	4.755938e-16	3.050368e-15	0.000000e+00	
4.136344e-04	8.303824e-17	4.755938e-16	3.049875e-15	0.000000e+00	
4.174655e-04	8.303824e-17	4.755938e-16	3.049366e-15	0.000000e+00	
4.213322e-04	8.303824e-17	4.755938e-16	3.048839e-15	0.000000e+00	
4.252346e-04	8.303824e-17	4.755938e-16	3.048296e-15	0.000000e+00	
4.291732e-04	8.303824e-17	4.755938e-16	3.047735e-15	0.000000e+00	
4.331483e-04	8.303824e-17	4.755938e-16	3.047157e-15	0.000000e+00	
4.371602e-04	8.303824e-17	4.755938e-16	3.046561e-15	0.000000e+00	
4.412093e-04	8.303824e-17	4.755938e-16	3.045948e-15	0.000000e+00	
4.452959e-04	8.303824e-17	4.755938e-16	3.045314e-15	0.000000e+00	
4.494203e-04	8.303824e-17	4.755938e-16	3.044657e-15	0.000000e+00	
4.535829e-04	8.303824e-17	4.755938e-16	3.043973e-15	0.000000e+00	
4.577841e-04	8.303824e-17	4.755938e-16	3.043262e-15	0.000000e+00	
4.620241e-04	8.303824e-17	4.755938e-16	3.042523e-15	0.000000e+00	
4.663035e-04	8.303824e-17	4.755938e-16	3.041755e-15	0.000000e+00	
4.706225e-04	8.303824e-17	4.755938e-16	3.040958e-15	0.000000e+00	
4.749815e-04	8.303824e-17	4.755938e-16	3.040130e-15	0.000000e+00	
4.793808e-04	8.303824e-17	4.755938e-16	3.039272e-15	0.000000e+00	
4.838210e-04	8.303824e-17	4.755938e-16	3.038382e-15	0.000000e+00	
4.883022e-04	8.303824e-17	4.755938e-16	3.037460e-15	0.000000e+00	
4.928250e-04	8.303824e-17	4.755938e-16	3.036507e-15	0.000000e+00	
4.973896e-04	8.303824e-17	4.755938e-16	3.035520e-15	0.000000e+00	
5.019965e-04	8.303824e-17	4.755938e-16	3.034500e-15	0.000000e+00	
5.066461e-04	8.303824e-17	4.755938e-16	3.033447e-15	0.000000e+00	
5.113388e-04	8.303824e-17	4.755938e-16	3.032360e-15	0.000000e+00	
5.160749e-04	8.303824e-17	4.755938e-16	3.031238e-15	0.000000e+00	
5.208549e-04	8.303824e-17	4.755938e-16	3.030081e-15	0.000000e+00	
5.256791e-04	8.303824e-17	4.755938e-16	3.028889e-15	0.000000e+00	
5.305481e-04	8.303824e-17	4.755938e-16	3.027662e-15	0.000000e+00	
5.354621e-04	8.303824e-17	4.755938e-16	3.026399e-15	0.000000e+00	
5.404216e-04	8.303824e-17	4.755938e-16	3.025100e-15	0.000000e+00	
5.454271e-04	8.303824e-17	4.755938e-16	3.023764e-15	0.000000e+00	
5.504790e-04	8.303824e-17	4.755938e-16	3.022391e-15	0.000000e+00	
5.555776e-04	8.303824e-17	4.755938e-16	3.020981e-15	0.000000e+00	
5.607235e-04	8.303824e-17	4.755938e-16	3.019534e-15	0.000000e+00	
5.659170e-04	8.303824e-17	4.755938e-16	3.018049e-15	0.000000e+00	
5.711586e-04	8.303824e-17	4.755938e-16	3.016525e-15	0.000000e+00	
5.764488e-04	8.303824e-17	4.755938e-16	3.014964e-15	0.000000e+00	
5.817880e-04	8.303824e-17	4.755938e-16	3.013364e-15	0.000000e+00	
5.871766e-04	8.303824e-17	4.755938e-16	3.011725e-15	0.000000e+00	
5.926152e-04	8.303824e-17	4.755938e-16	3.010047e-15	0.000000e+00	
5.981041e-04	8.303824e-17	4.755938e-16	3.008330e-15	0.000000e+00	
6.036439e-04	8.303824e-17	4.755938e-16	3.006573e-15	0.000000e+00	
6.092349e-04	8.303824e-17	4.755938e-16	3.004777e-15	0.000000e+00	
6.148778e-04	8.303824e-17	4.755938e-16	3.002940e-15	0.000000e+00	
6.205729e-04	8.303824e-17	4.755938e-16	3.001063e-15	0.000000e+00	
6.263207e-04	8.303824e-17	4.755938e-16	2.999146e-15	0.000000e+00	
6.321218e-04	8.303824e-17	4.755938e-16	2.997188e-15	0.000000e+00	
6.379767e-04	8.303824e-17	4.755938e-16	2.995189e-15	0.000000e+00	
6.438857e-04	8.303824e-17	4.755938e-16	2.993149e-15	0.000000e+00	
6.498495e-04	8.303824e-17	4.755938e-16	2.991067e-15	0.000000e+00	
6.558686e-04	8.303824e-17	4.755938e-16	2.988944e-15	0.000000e+00	
6.619433e-04	8.303824e-17	4.755938e-16	2.986780e-15	0.000000e+00	
6.680744e-04	8.303824e-17	4.755938e-16	2.984573e-15	0.000000e+00	
6.742622e-04	8.303824e-17	4.755938e-16	2.982325e-15	0.000000e+00	
6.805074e-04	8.303824e-17	4.755938e-16	2.980034e-15	0.000000e+00	
6.868104e-04	8.303824e-17	4.755938e-16	2.977701e-15	0.000000e+00	
6.931717e-04	8.303824e-17	4.755938e-16	2.975326e-15	0.000000e+00	
6.995920e-04	8.303824e-17	4.755938e-16	2.972908e-15	0.000000e+00	
7.060718e-04	8.303824e-17	4.755938e-16	2.970447e-15	0.000000e+00	
7.126115e-04	8.303824e-17	4.755938e-16	2.967943e-15	0.000000e+00	
7.192119e-04	8.303824e-17	4.755938e-16	2.965396e-15	0.000000e+00	
7.258734e-04	8.303824e-17	4.755938e-16	2.962806e-15	0.000000e+00	
7.325965e-04	8.303824e-17	4.755938e-16	2.960173e-15	0.000000e+00	
7.393820e-04	8.303824e-17	4.755938e-16	2.957496e-15	0.000000e+00	
7.462303e-04	8.303824e-17	4.755938e-16	2.954776e-15	0.000000e+00	
7.531420e-04	8.303824e-17	4.755938e-16	2.952012e-15	0.000000e+00	
7.601178e-04	8.303824e-17	4.755938e-16	2.949204e-15	0.000000e+00	
7.671581e-04	8.303824e-17	4.755938e-16	2.946352e-15	0.000000e+00	
7.742637e-04	8.303824e-17	4.755938e-16	2.943457e-15	0.000000e+00	
7.814351e-04	8.303824e-17	4.755938e-16	2.940517e-15	0.000000e+00	
7.886729e-04	8.303824e-17	4.755938e-16	2.937533e-15	0.000000e+00	
7.959777e-04	8.303824e-17	4.755938e-16	2.934505e-15	0.000000e+00	
8.033502e-04	8.303824e-17	4.755938e-16	2.931433e-15	0.000000e+00	
8.107910e-04	8.303824e-17	4.755938e-16	2.928316e-15	0.000000e+00	
8.183007e-04	8.303824e-17	4.755938e-16	2.925155e-15	0.000000e+00	
8.258799e-04	8.303824e-17	4.755938e-16	2.921950e-15	0.000000e+00	
8.335294e-04	8.303824e-17	4.755938e-16	2.918700e-15	0.000000e+00	
8.412497e-04	8.303824e-17	4.755938e-16	2.915405e-15	0.000000e+00	
8.490415e-04	8.303824e-17	4.755938e-16	2.912066e-15	0.000000e+00	
8.569055e-04	8.303824e-17	4.755938e-16	2.908682e-15	0.000000e+00	
8.648423e-04	8.303824e-17	4.755938e-16	2.905253e-15	0.000000e+00	
8.728527e-04	8.303824e-17	4.755938e-16	2.901780e-15	0.000000e+00	
8.809372e-04	8.303824e-17	4.755938e-16	2.898262e-15	0.000000e+00	
8.890966e-04	8.303824e-17	4.755938e-16	2.894700e-15	0.000000e+00	
8.973316e-04	8.303824e-17	4.755938e-16	2.891092e-15	0.000000e+00	
9.056428e-04	8.303824e-17	4.755938e-16	2.887440e-15	0.000000e+00	
9.140311e-04	8.303824e-17	4.755938e-16	2.883743e-15	0.000000e+00	
9.224970e-04	8.303824e-17	4.755938e-16	2.880001e-15	0.000000e+00	
9.310413e-04	8.303824e-17	4.755938e-16	2.876215e-15	0.000000e+00	
9.396648e-04	8.303824e-17	4.755938e-16	2.872384e-15	0.000000e+00	
9.483682e-04	8.303824e-17	4.755938e-16	2.868508e-15	0.000000e+00	
9.571522e-04	8.303824e-17	4.755938e-16	2.864587e-15	0.000000e+00	
9.660175e-04	8.303824e-17	4.755938e-16	2.860622e-15	0.000000e+00	
9.749649e-04	8.303824e-17	4.755938e-16	2.856612e-15	0.000000e+00	
9.839952e-04	8.303824e-17	4.755938e-16	2.852557e-15	0.000000e+00	
9.931092e-04	8.303824e-17	4.755938e-16	2.848458e-15	0.000000e+00	
1.002308e-03	8.303824e-17	4.755938e-16	2.844315e-15	0.000000e+00	
1.011591e-03	8.303824e-17	4.755938e-16	2.840127e-15	0.000000e+00	
1.020961e-03	8.303824e-17	4.755938e-16	2.835894e-15	0.000000e+00	
1.030417e-03	8.303824e-17	4.755938e-16	2.831617e-15	0.000000e+00	
1.039961e-03	8.303824e-17	4.755938e-16	2.827296e-15	0.000000e+00	
1.049593e-03	8.303824e-17	4.755938e-16	2.822931e-15	0.000000e+00	
1.059315e-03	8.303824e-17	4.755938e-16	2.818519e-15	0.000000e+00	
1.069126e-03	8.303824e-17	4.755938e-16	2.814056e-15	0.000000e+00	
1.079029e-03	8.303824e-17	4.755938e-16	2.809539e-15	0.000000e+00	
1.089023e-03	8.303824e-17	4.755938e-16	2.804968e-15	0.000000e+00	
1.099110e-03	8.303824e-17	4.755938e-16	2.800342e-15	0.000000e+00	
1.109290e-03	8.303824e-17	4.755938e-16	2.795662e-15	0.000000e+00	
1.119564e-03	8.303824e-17	4.755938e-16	2.790927e-15	0.000000e+00	
1.129934e-03	8.303824e-17	4.755938e-16	2.786136e-15	0.000000e+00	
1.140400e-03	8.303824e-17	4.755938e-16	2.781289e-15	0.000000e+00	
1.150962e-03	8.303824e-17	4.755938e-16	2.776387e-15	0.000000e+00	
1.161623e-03	8.303824e-17	4.755938e-16	2.771429e-15	0.000000e+00	
1.172382e-03	8.303824e-17	4.755938e-16	2.766414e-15	0.000000e+00	
1.183241e-03	8.303824e-17	4.755938e-16	2.761344e-15	0.000000e+00	
1.194200e-03	8.303824e-17	4.755938e-16	2.756218e-15	0.000000e+00	
1.205261e-03	8.303824e-17	4.755938e-16	2.751035e-15	0.000000e+00	
1.216424e-03	8.303824e-17	4.755938e-16	2.745797e-15	0.000000e+00	
1.227691e-03	8.303824e-17	4.755938e-16	2.740502e-15	0.000000e+00	
1.239062e-03	8.303824e-17	4.755938e-16	2.735151e-15	0.000000e+00	
1.250539e-03	8.303824e-17	4.755938e-16	2.729744e-15	0.000000e+00	
1.262121e-03	8.303824e-17	4.755938e-16	2.724281e-15	0.000000e+00	
1.273811e-03	8.303824e-17	4.755938e-16	2.718762e-15	0.000000e+00	
1.285610e-03	8.303824e-17	4.755938e-16	2.713187e-15	0.000000e+00	
1.297517e-03	8.303824e-17	4.755938e-16	2.707556e-15	0.000000e+00	
1.309535e-03	8.303824e-17	4.755938e-16	2.701869e-15	0.000000e+00	
1.321664e-03	8.303824e-17	4.755938e-16	2.696126e-15	0.000000e+00	
1.333906e-03	8.303824e-17	4.755938e-16	2.690328e-15	0.000000e+00	
1.346261e-03	8.303824e-17	4.755938e-16	2.684475e-15	0.000000e+00	
1.358730e-03	8.303824e-17	4.755938e-16	2.678566e-15	0.000000e+00	
1.371315e-03	8.303824e-17	4.755938e-16	2.672602e-15	0.000000e+00	
1.384016e-03	8.303824e-17	4.755938e-16	2.666582e-15	0.000000e+00	
1.396835e-03	8.303824e-17	4.755938e-16	2.660508e-15	0.000000e+00	
1.409773e-03	8.303824e-17	4.755938e-16	2.654379e-15	0.000000e+00	
1.422830e-03	8.303824e-17	4.755938e-16	2.648196e-15	0.000000e+00	
1.436009e-03	8.303824e-17	4.755938e-16	2.641958e-15	0.000000e+00	
1.449310e-03	8.303824e-17	4.755938e-16	2.635666e-15	0.000000e+00	
1.462733e-03	8.303824e-17	4.755938e-16	2.629319e-15	0.000000e+00	
1.476281e-03	8.303824e-17	4.755938e-16	2.622919e-15	0.000000e+00	
1.489955e-03	8.303824e-17	4.755938e-16	2.616466e-15	0.000000e+00	
1.503755e-03	8.303824e-17	4.755938e-16	2.609958e-15	0.000000e+00	
1.517683e-03	8.303824e-17	4.755938e-16	2.603398e-15	0.000000e+00	
1.531740e-03	8.303824e-17	4.755938e-16	2.596785e-15	0.000000e+00	
1.545928e-03	8.303824e-17	4.755938e-16	2.590119e-15	0.000000e+00	
1.560246e-03	8.303824e-17	4.755938e-16	2.583400e-15	0.000000e+00	
1.574698e-03	8.303824e-17	4.755938e-16	2.576630e-15	0.000000e+00	
1.589283e-03	8.303824e-17	4.755938e-16	2.569807e-15	0.000000e+00	
1.604003e-03	8.303824e-17	4.755938e-16	2.562933e-15	0.000000e+00	
1.618860e-03	8.303824e-17	4.755938e-16	2.556007e-15	0.000000e+00	
1.633854e-03	8.303824e-17	4.755938e-16	2.549030e-15	0.000000e+00	
1.648987e-03	8.303824e-17	4.755938e-16	2.542002e-15	0.000000e+00	
1.664260e-03	8.303824e-17	4.755938e-16	2.534924e-15	0.000000e+00	
1.679675e-03	8.303824e-17	4.755938e-16	2.527796e-15	0.000000e+00	
1.695232e-03	8.303824e-17	4.755938e-16	2.520617e-15	0.000000e+00	
1.710934e-03	8.303824e-17	4.755938e-16	2.513389e-15	0.000000e+00	
1.726781e-03	8.303824e-17	4.755938e-16	2.506112e-15	0.000000e+00	
1.742775e-03	8.303824e-17	4.755938e-16	2.498785e-15	0.000000e+00	
1.758917e-03	8.303824e-17	4.755938e-16	2.491410e-15	0.000000e+00	
1.775208e-03	8.303824e-17	4.755938e-16	2.483987e-15	0.000000e+00	
1.791650e-03	8.303824e-17	4.755938e-16	2.476516e-15	0.000000e+00	
1.808245e-03	8.303824e-17	4.755938e-16	2.468997e-15	0.000000e+00	
1.824993e-03	8.303824e-17	4.755938e-16	2.461431e-15	0.000000e+00	
1.841897e-03	8.303824e-17	4.755938e-16	2.453818e-15	0.000000e+00	
1.858957e-03	8.303824e-17	4.755938e-16	2.446158e-15	0.000000e+00	
1.876175e-03	8.303824e-17	4.755938e-16	2.438453e-15	0.000000e+00	
1.893552e-03	8.303824e-17	4.755938e-16	2.430701e-15	0.000000e+00	
1.911091e-03	8.303824e-17	4.755938e-16	2.422905e-15	0.000000e+00	
1.928792e-03	8.303824e-17	4.755938e-16	2.415063e-15	0.000000e+00	
1.946656e-03	8.303824e-17	4.755938e-16	2.407177e-15	0.000000e+00	
1.964687e-03	8.303824e-17	4.755938e-16	2.399246e-15	0.000000e+00	
1.982884e-03	8.303824e-17	4.755938e-16	2.391272e-15	0.000000e+00	
2.001250e-03	8.303824e-17	4.755938e-16	2.383255e-15	0.000000e+00	
2.019786e-03	8.303824e-17	4.755938e-16	2.375194e-15	0.000000e+00	
2.038493e-03	8.303824e-17	4.755938e-16	2.367091e-15	0.000000e+00	
2.057374e-03	8.303824e-17	4.755938e-16	2.358946e-15	0.000000e+00	
2.076430e-03	8.303824e-17	4.755938e-16	2.350760e-15	0.000000e+00	
2.095662e-03	8.303824e-17	4.755938e-16	2.342532e-15	0.000000e+00	
2.115073e-03	8.303824e-17	4.755938e-16	2.334263e-15	0.000000e+00	
2.134663e-03	8.303824e-17	4.755938e-16	2.325955e-15	0.000000e+00	
2.154435e-03	8.303824e-17	4.755938e-16	2.317606e-15	0.000000e+00	
2.174389e-03	8.303824e-17	4.755938e-16	2.309218e-15	0.000000e+00	
2.194529e-03	8.303824e-17	4.755938e-16	2.300791e-15	0.000000e+00	
2.214855e-03	8.303824e-17	4.755938e-16	2.292325e-15	0.000000e+00	
2.235370e-03	8.303824e-17	4.755938e-16	2.283822e-15	0.000000e+00	
2.256074e-03	8.303824e-17	4.755938e-16	2.275281e-15	0.000000e+00	
2.276970e-03	8.303824e-17	4.755938e-16	2.266703e-15	0.000000e+00	
2.298060e-03	8.303824e-17	4.755938e-16	2.258089e-15	0.000000e+00	
2.319345e-03	8.303824e-17	4.755938e-16	2.249438e-15	0.000000e+00	
2.340827e-03	8.303824e-17	4.755938e-16	2.240752e-15	0.000000e+00	
2.362508e-03	8.303824e-17	4.755938e-16	2.232031e-15	0.000000e+00	
2.384390e-03	8.303824e-17	4.755938e-16	2.223275e-15	0.000000e+00	
2.406475e-03	8.303824e-17	4.755938e-16	2.214486e-15	0.000000e+00	
2.428764e-03	8.303824e-17	4.755938e-16	2.205663e-15	0.000000e+00	
2.451260e-03	8.303824e-17	4.755938e-16	2.196806e-15	0.000000e+00	
2.473964e-03	8.303824e-17	4.755938e-16	2.187918e-15	0.000000e+00	
2.496878e-03	8.303824e-17	4.755938e-16	2.178997e-15	0.000000e+00	
2.520005e-03	8.303824e-17	4.755938e-16	2.170045e-15	0.000000e+00	
2.543346e-03	8.303824e-17	4.755938e-16	2.161062e-15	0.000000e+00	
2.566903e-03	8.303824e-17	4.755938e-16	2.152048e-15	0.000000e+00	
2.590678e-03	8.303824e-17	4.755938e-16	2.143005e-15	0.000000e+00	
2.614673e-03	8.303824e-17	4.755938e-16	2.133932e-15	0.000000e+00	
2.638891e-03	8.303824e-17	4.755932e-16	2.124831e-15	0.000000e+00	
2.663333e-03	8.303824e-17	4.755917e-16	2.115701e-15	0.000000e+00	
2.688001e-03	8.303824e-17	4.755890e-16	2.106544e-15	0.000000e+00	
2.712898e-03	8.303824e-17	4.755850e-16	2.097359e-15	0.000000e+00	
2.738025e-03	8.303824e-17	4.755793e-16	2.088148e-15	0.000000e+00	
2.763385e-03	8.303824e-17	4.755719e-16	2.078911e-15	0.000000e+00	
2.788980e-03	8.303824e-17	4.755626e-16	2.069649e-15	0.000000e+00	
2.814812e-03	8.303824e-17	4.755512e-16	2.060361e-15	0.000000e+00	
2.840884e-03	8.303824e-17	4.755377e-16	2.051049e-15	0.000000e+00	
2.867196e-03	8.303824e-17	4.755219e-16	2.041713e-15	0.000000e+00	
2.893753e-03	8.303824e-17	4.755036e-16	2.032355e-15	0.000000e+00	
2.920556e-03	8.303824e-17	4.754828e-16	2.022973e-15	0.000000e+00	
2.947606e-03	8.303824e-17	4.754594e-16	2.013569e-15	0.000000e+00	
2.974908e-03	8.303824e-17	4.754332e-16	2.004144e-15	0.000000e+00	
3.002462e-03	8.303824e-17	4.754041e-16	1.994698e-15	0.000000e+00	
3.030271e-03	8.303824e-17	4.753721e-16	1.985231e-15	0.000000e+00	
3.058338e-03	8.303824e-17	4.753370e-16	1.975745e-15	0.000000e+00	
3.086665e-03	8.303824e-17	4.752988e-16	1.966240e-15	0.000000e+00	
3.115254e-03	8.303824e-17	4.752574e-16	1.956716e-15	0.000000e+00	
3.144108e-03	8.303824e-17	4.752127e-16	1.947173e-15	0.000000e+00	
3.173230e-03	8.303824e-17	4.751645e-16	1.937614e-15	0.000000e+00	
3.202621e-03	8.303824e-17	4.751129e-16	1.928037e-15	0.000000e+00	
3.232284e-03	8.303824e-17	4.750577e-16	1.918444e-15	0.000000e+00	
3.262222e-03	8.303824e-17	4.749989e-16	1.908836e-15	0.000000e+00	
3.292437e-03	8.303824e-17	4.749364e-16	1.899212e-15	0.000000e+00	
3.322933e-03	8.303824e-17	4.748700e-16	1.889574e-15	0.000000e+00	
3.353710e-03	8.303824e-17	4.747998e-16	1.879922e-15	0.000000e+00	
3.384773e-03	8.303824e-17	4.747257e-16	1.870257e-15	0.000000e+00	
3.416123e-03	8.303824e-17	4.746476e-16	1.860578e-15	0.000000e+00	
3.447764e-03	8.303824e-17	4.745654e-16	1.850888e-15	0.000000e+00	
3.479698e-03	8.303824e-17	4.744790e-16	1.841186e-15	0.000000e+00	
3.511928e-03	8.303824e-17	4.743884e-16	1.831473e-15	0.000000e+00	
3.544456e-03	8.303824e-17	4.742936e-16	1.821750e-15	0.000000e+00	
3.577285e-03	8.303824e-17	4.741944e-16	1.812017e-15	0.000000e+00	
3.610419e-03	8.303824e-17	4.740909e-16	1.802275e-15	0.000000e+00	
3.643859e-03	8.303824e-17	4.739829e-16	1.792524e-15	0.000000e+00	
3.677609e-03	8.303824e-17	4.738703e-16	1.782765e-15	0.000000e+00	
3.711672e-03	8.303824e-17	4.737532e-16	1.772998e-15	0.000000e+00	
3.746050e-03	8.303824e-17	4.736315e-16	1.763225e-15	0.000000e+00	
3.780747e-03	8.303824e-17	4.735050e-16	1.753446e-15	0.000000e+00	
3.815765e-03	8.303824e-17	4.733739e-16	1.743661e-15	0.000000e+00	
3.851107e-03	8.303824e-17	4.732379e-16	1.733871e-15	0.000000e+00	
3.886777e-03	8.303824e-17	4.730971e-16	1.724076e-15	0.000000e+00	
3.922777e-03	8.303824e-17	4.729514e-16	1.714278e-15	0.000000e+00	
3.959110e-03	8.303824e-17	4.728007e-16	1.704476e-15	0.000000e+00	
3.995780e-03	8.303824e-17	4.726450e-16	1.694672e-15	0.000000e+00	
4.032790e-03	8.303824e-17	4.724843e-16	1.684866e-15	0.000000e+00	
4.070142e-03	8.303824e-17	4.723184e-16	1.675058e-15	0.000000e+00	
4.107841e-03	8.303824e-17	4.721475e-16	1.665249e-15	0.000000e+00	
4.145888e-03	8.303824e-17	4.719713e-16	1.655440e-15	0.000000e+00	
4.184289e-03	8.303824e-17	4.717899e-16	1.645631e-15	0.000000e+00	
4.223044e-03	8.303824e-17	4.716032e-16	1.635823e-15	0.000000e+00	
4.262159e-03	8.303824e-17	4.714112e-16	1.626016e-15	0.000000e+00	
4.301636e-03	8.303824e-17	4.712138e-16	1.616211e-15	0.000000e+00	
4.341478e-03	8.303824e-17	4.710110e-16	1.606409e-15	0.000000e+00	
4.381690e-03	8.303824e-17	4.708027e-16	1.596610e-15	0.000000e+00	
4.422274e-03	8.303824e-17	4.705890e-16	1.586815e-15	0.000000e+00	
4.463234e-03	8.303824e-17	4.703696e-16	1.577024e-15	0.000000e+00	
4.504573e-03	8.303824e-17	4.701433e-16	1.567238e-15	0.000000e+00	
4.546295e-03	8.303824e-17	4.699094e-16	1.557457e-15	0.000000e+00	
4.588404e-03	8.303824e-17	4.696675e-16	1.547682e-15	0.000000e+00	
4.630903e-03	8.303824e-17	4.694175e-16	1.537914e-15	0.000000e+00	
4.673795e-03	8.303824e-17	4.691591e-16	1.528153e-15	0.000000e+00	
4.717085e-03	8.303824e-17	4.688922e-16	1.518400e-15	0.000000e+00	
4.760775e-03	8.303824e-17	4.686166e-16	1.508655e-15	0.000000e+00	
4.804870e-03	8.303824e-17	4.683321e-16	1.498918e-15	0.000000e+00	
4.849374e-03	8.303824e-17	4.680386e-16	1.489191e-15	0.000000e+00	
4.894290e-03	8.303824e-17	4.677360e-16	1.479474e-15	0.000000e+00	
4.939622e-03	8.303824e-17	4.674242e-16	1.469768e-15	0.000000e+00	
4.985373e-03	8.303824e-17	4.671031e-16	1.460072e-15	0.000000e+00	
5.031549e-03	8.303824e-17	4.667726e-16	1.450388e-15	0.000000e+00	
5.078152e-03	8.303824e-17	4.664326e-16	1.440716e-15	0.000000e+00	
5.125187e-03	8.303824e-17	4.660829e-16	1.431057e-15	0.000000e+00	
5.172657e-03	8.303824e-17	4.657236e-16	1.421411e-15	0.000000e+00	
5.220568e-03	8.303824e-17	4.653545e-16	1.411778e-15	0.000000e+00	
5.268921e-03	8.303824e-17	4.649755e-16	1.402160e-15	0.000000e+00	
5.317723e-03	8.303824e-17	4.645867e-16	1.392556e-15	0.000000e+00	
5.366977e-03	8.303824e-17	4.641878e-16	1.382968e-15	0.000000e+00	
5.416687e-03	8.303824e-17	4.637789e-16	1.373395e-15	0.000000e+00	
5.466857e-03	8.303824e-17	4.633599e-16	1.363839e-15	0.000000e+00	
5.517492e-03	8.303824e-17	4.629306e-16	1.354299e-15	0.000000e+00	
5.568596e-03	8.303824e-17	4.624912e-16	1.344777e-15	0.000000e+00	
5.620174e-03	8.303824e-17	4.620414e-16	1.335273e-15	0.000000e+00	
5.672229e-03	8.303824e-17	4.615813e-16	1.325787e-15	0.000000e+00	
5.724766e-03	8.303824e-17	4.611108e-16	1.316319e-15	0.000000e+00	
5.777790e-03	8.303824e-17	4.606299e-16	1.306871e-15	0.000000e+00	
5.831305e-03	8.303824e-17	4.601384e-16	1.297443e-15	0.000000e+00	
5.885316e-03	8.303824e-17	4.596365e-16	1.288035e-15	0.000000e+00	
5.939827e-03	8.303824e-17	4.591239e-16	1.278647e-15	0.000000e+00	
5.994843e-03	8.303824e-17	4.586007e-16	1.269281e-15	0.000000e+00	
6.050368e-03	8.303824e-17	4.580669e-16	1.259937e-15	0.000000e+00	
6.106408e-03	8.303824e-17	4.575224e-16	1.250615e-15	0.000000e+00	
6.162966e-03	8.303824e-17	4.569672e-16	1.241315e-15	0.000000e+00	
6.220049e-03	8.303824e-17	4.564012e-16	1.232038e-15	0.000000e+00	
6.277660e-03	8.303824e-17	4.558245e-16	1.222785e-15	0.000000e+00	
6.335805e-03	8.303824e-17	4.552369e-16	1.213556e-15	0.000000e+00	
6.394488e-03	8.303824e-17	4.546386e-16	1.204352e-15	0.000000e+00	
6.453715e-03	8.303824e-17	4.540293e-16	1.195172e-15	0.000000e+00	
6.513491e-03	8.303824e-17	4.534093e-16	1.186018e-15	0.000000e+00	
6.573820e-03	8.303824e-17	4.527783e-16	1.176889e-15	0.000000e+00	
6.634708e-03	8.303824e-17	4.521364e-16	1.167786e-15	0.000000e+00	
6.696160e-03	8.303824e-17	4.514836e-16	1.158710e-15	0.000000e+00	
6.758181e-03	8.303824e-17	4.508199e-16	1.149661e-15	0.000000e+00	
6.820777e-03	8.303824e-17	4.501452e-16	1.140640e-15	0.000000e+00	
6.883952e-03	8.303824e-17	4.494596e-16	1.131646e-15	0.000000e+00	
6.947713e-03	8.303824e-17	4.487631e-16	1.122681e-15	0.000000e+00	
7.012064e-03	8.303824e-17	4.480556e-16	1.113744e-15	0.000000e+00	
7.077011e-03	8.303824e-17	4.473371e-16	1.104836e-15	0.000000e+00	
7.142559e-03	8.303824e-17	4.466076e-16	1.095957e-15	0.000000e+00	
7.208715e-03	8.303824e-17	4.458672e-16	1.087109e-15	0.000000e+00	
7.275484e-03	8.303824e-17	4.451158e-16	1.078290e-15	0.000000e+00	
7.342870e-03	8.303824e-17	4.443535e-16	1.069503e-15	0.000000e+00	
7.410882e-03	8.303824e-17	4.435802e-16	1.060746e-15	0.000000e+00	
7.479523e-03	8.303824e-17	4.427960e-16	1.052020e-15	0.000000e+00	
7.548799e-03	8.303824e-17	4.420008e-16	1.043326e-15	0.000000e+00	
7.618718e-03	8.303824e-17	4.411947e-16	1.034664e-15	0.000000e+00	
7.689284e-03	8.303824e-17	4.403777e-16	1.026034e-15	0.000000e+00	
7.760503e-03	8.303824e-17	4.395498e-16	1.017437e-15	0.000000e+00	
7.832383e-03	8.303824e-17	4.387110e-16	1.008874e-15	0.000000e+00	
7.904928e-03	8.303824e-17	4.378614e-16	1.000343e-15	0.000000e+00	
7.978145e-03	8.303824e-17	4.370009e-16	9.918462e-16	0.000000e+00	
8.052040e-03	8.303824e-17	4.361296e-16	9.833834e-16	0.000000e+00	
8.126619e-03	8.303824e-17	4.352475e-16	9.749550e-16	0.000000e+00	
8.201889e-03	8.303824e-17	4.343546e-16	9.665612e-16	0.000000e+00	
8.277857e-03	8.303824e-17	4.334509e-16	9.582023e-16	0.000000e+00	
8.354528e-03	8.303824e-17	4.325366e-16	9.498787e-16	0.000000e+00	
8.431909e-03	8.303824e-17	4.316115e-16	9.415907e-16	0.000000e+00	
8.510007e-03	8.303824e-17	4.306758e-16	9.333385e-16	0.000000e+00	
8.588829e-03	8.303824e-17	4.297294e-16	9.251225e-16	0.000000e+00	
8.668380e-03	8.303824e-17	4.287725e-16	9.169428e-16	0.000000e+00	
8.748668e-03	8.303824e-17	4.278050e-16	9.087999e-16	0.000000e+00	
8.829700e-03	8.303824e-17	4.268270e-16	9.006939e-16	0.000000e+00	
8.911482e-03	8.303824e-17	4.258384e-16	8.926251e-16	0.000000e+00	
8.994022e-03	8.303824e-17	4.248395e-16	8.845938e-16	0.000000e+00	
9.077327e-03	8.303824e-17	4.238301e-16	8.766003e-16	0.000000e+00	
9.161402e-03	8.303824e-17	4.228104e-16	8.686447e-16	0.000000e+00	
9.246257e-03	8.303824e-17	4.217804e-16	8.607273e-16	0.000000e+00	
9.331898e-03	8.303824e-17	4.207401e-16	8.528484e-16	0.000000e+00	
9.418332e-03	8.303824e-17	4.196896e-16	8.450082e-16	0.000000e+00	
9.505566e-03	8.303824e-17	4.186289e-16	8.372068e-16	0.000000e+00	
9.593608e-03	8.303824e-17	4.175581e-16	8.294446e-16	0.000000e+00	
9.682466e-03	8.303824e-17	4.164773e-16	8.217218e-16	0.000000e+00	
9.772147e-03	8.303824e-17	4.153864e-16	8.140385e-16	0.000000e+00	
9.862658e-03	8.303824e-17	4.142856e-16	8.063949e-16	0.000000e+00	
9.954008e-03	8.303824e-17	4.131749e-16	7.987914e-16	0.000000e+00	
1.004620e-02	8.303824e-17	4.120543e-16	7.912279e-16	0.000000e+00	
1.013925e-02	8.303824e-17	4.109240e-16	7.837048e-16	0.000000e+00	
1.023317e-02	8.303824e-17	4.097840e-16	7.762222e-16	0.000000e+00	
1.032795e-02	8.303824e-17	4.086343e-16	7.687803e-16	0.000000e+00	
1.042361e-02	8.303824e-17	4.074750e-16	7.613792e-16	0.000000e+00	
1.052015e-02	8.303824e-17	4.063062e-16	7.540192e-16	0.000000e+00	
1.061759e-02	8.303824e-17	4.051279e-16	7.467003e-16	0.000000e+00	
1.071593e-02	8.303824e-17	4.039402e-16	7.394228e-16	0.000000e+00	
1.081519e-02	8.303824e-17	4.027433e-16	7.321867e-16	0.000000e+00	
1.091536e-02	8.303824e-17	4.015370e-16	7.249923e-16	0.000000e+00	
1.101646e-02	8.303824e-17	4.003216e-16	7.178396e-16	0.000000e+00	
1.111850e-02	8.303824e-17	3.990971e-16	7.107289e-16	0.000000e+00	
1.122148e-02	8.303824e-17	3.978636e-16	7.036601e-16	0.000000e+00	
1.132541e-02	8.303824e-17	3.966211e-16	6.966335e-16	0.000000e+00	
1.143031e-02	8.303824e-17	3.953698e-16	6.896492e-16	0.000000e+00	
1.153618e-02	8.303813e-17	3.941096e-16	6.827072e-16	0.000000e+00	
1.164303e-02	8.303755e-17	3.928408e-16	6.758077e-16	0.000000e+00	
1.175087e-02	8.303630e-17	3.915633e-16	6.689507e-16	0.000000e+00	
1.185971e-02	8.303422e-17	3.902772e-16	6.621365e-16	0.000000e+00	
1.196956e-02	8.303122e-17	3.889827e-16	6.553650e-16	0.000000e+00	
1.208042e-02	8.302718e-17	3.876798e-16	6.486363e-16	0.000000e+00	
1.219231e-02	8.302200e-17	3.863686e-16	6.419506e-16	0.000000e+00	
1.230524e-02	8.301561e-17	3.850492e-16	6.353078e-16	0.000000e+00	
1.241921e-02	8.300793e-17	3.837215e-16	6.287081e-16	0.000000e+00	
1.253424e-02	8.299887e-17	3.823842e-16	6.221516e-16	0.000000e+00	
1.265034e-02	8.298838e-17	3.810373e-16	6.156382e-16	0.000000e+00	
1.276751e-02	8.297637e-17	3.796807e-16	6.091681e-16	0.000000e+00	
1.288576e-02	8.296279e-17	3.783145e-16	6.027412e-16	0.000000e+00	
1.300511e-02	8.294757e-17	3.769387e-16	5.963577e-16	0.000000e+00	
1.312557e-02	8.293066e-17	3.755535e-16	5.900176e-16	0.000000e+00	
1.324714e-02	8.291200e-17	3.741588e-16	5.837208e-16	0.000000e+00	
1.336984e-02	8.289154e-17	3.727548e-16	5.774675e-16	0.000000e+00	
1.349367e-02	8.286922e-17	3.713416e-16	5.712577e-16	0.000000e+00	
1.361865e-02	8.284498e-17	3.699191e-16	5.650913e-16	0.000000e+00	
1.374479e-02	8.281879e-17	3.684876e-16	5.589685e-16	0.000000e+00	
1.387210e-02	8.279059e-17	3.670471e-16	5.528891e-16	0.000000e+00	
1.400058e-02	8.276033e-17	3.655977e-16	5.468532e-16	0.000000e+00	
1.413026e-02	8.272797e-17	3.641394e-16	5.408609e-16	0.000000e+00	
1.426114e-02	8.269347e-17	3.626725e-16	5.349120e-16	0.000000e+00	
1.439323e-02	8.265679e-17	3.611969e-16	5.290066e-16	0.000000e+00	
1.452654e-02	8.261787e-17	3.597128e-16	5.231448e-16	0.000000e+00	
1.466109e-02	8.257669e-17	3.582202e-16	5.173263e-16	0.000000e+00	
1.479688e-02	8.253320e-17	3.567194e-16	5.115513e-16	0.000000e+00	
1.493393e-02	8.248737e-17	3.552103e-16	5.058198e-16	0.000000e+00	
1.507225e-02	8.243915e-17	3.536931e-16	5.001316e-16	0.000000e+00	
1.521186e-02	8.238852e-17	3.521679e-16	4.944867e-16	0.000000e+00	
1.535275e-02	8.233543e-17	3.506348e-16	4.888852e-16	0.000000e+00	
1.549495e-02	8.227986e-17	3.490940e-16	4.833269e-16	0.000000e+00	
1.563847e-02	8.222177e-17	3.475454e-16	4.778118e-16	0.000000e+00	
1.578331e-02	8.216113e-17	3.459893e-16	4.723399e-16	0.000000e+00	
1.592950e-02	8.209791e-17	3.444257e-16	4.669111e-16	0.000000e+00	
1.607704e-02	8.203208e-17	3.428548e-16	4.615253e-16	0.000000e+00	
1.622595e-02	8.196361e-17	3.412767e-16	4.561825e-16	0.000000e+00	
1.637624e-02	8.189247e-17	3.396914e-16	4.508826e-16	0.000000e+00	
1.652792e-02	8.181864e-17	3.380992e-16	4.456255e-16	0.000000e+00	
1.668101e-02	8.174209e-17	3.365001e-16	4.404112e-16	0.000000e+00	
1.683551e-02	8.166280e-17	3.348942e-16	4.352396e-16	0.000000e+00	
1.699144e-02	8.158075e-17	3.332817e-16	4.301105e-16	0.000000e+00	
1.714882e-02	8.149590e-17	3.316627e-16	4.250240e-16	0.000000e+00	
1.730766e-02	8.140824e-17	3.300373e-16	4.199799e-16	0.000000e+00	
1.746796e-02	8.131775e-17	3.284056e-16	4.149780e-16	0.000000e+00	
1.762975e-02	8.122441e-17	3.267678e-16	4.100184e-16	0.000000e+00	
1.779304e-02	8.112820e-17	3.251240e-16	4.051009e-16	0.000000e+00	
1.795785e-02	8.102911e-17	3.234743e-16	4.002254e-16	0.000000e+00	
1.812418e-02	8.092710e-17	3.218188e-16	3.953918e-16	0.000000e+00	
1.829205e-02	8.082218e-17	3.201577e-16	3.906000e-16	0.000000e+00	
1.846147e-02	8.071433e-17	3.184910e-16	3.858499e-16	0.000000e+00	
1.863246e-02	8.060352e-17	3.168190e-16	3.811412e-16	0.000000e+00	
1.880504e-02	8.048975e-17	3.151418e-16	3.764741e-16	0.000000e+00	
1.897922e-02	8.037301e-17	3.134594e-16	3.718481e-16	0.000000e+00	
1.915501e-02	8.025328e-17	3.117720e-16	3.672634e-16	0.000000e+00	
1.933242e-02	8.013056e-17	3.100797e-16	3.627197e-16	0.000000e+00	
1.951148e-02	8.000484e-17	3.083828e-16	3.582169e-16	0.000000e+00	
1.969220e-02	7.974738e-17	3.066812e-16	3.537548e-16	0.000000e+00	
1.987460e-02	7.946504e-17	3.049751e-16	3.493333e-16	0.000000e+00	
2.005868e-02	7.918422e-17	3.032648e-16	3.449524e-16	0.000000e+00	
2.024447e-02	7.890304e-17	3.015502e-16	3.406117e-16	0.000000e+00	
2.043197e-02	7.862066e-17	2.998316e-16	3.363112e-16	0.000000e+00	
2.062122e-02	7.833660e-17	2.981090e-16	3.320507e-16	0.000000e+00	
2.081222e-02	7.805055e-17	2.963826e-16	3.278300e-16	0.000000e+00	
2.100498e-02	7.776229e-17	2.946526e-16	3.236491e-16	0.000000e+00	
2.119953e-02	7.747165e-17	2.929191e-16	3.195077e-16	0.000000e+00	
2.139589e-02	7.717849e-17	2.911821e-16	3.154057e-16	0.000000e+00	
2.159406e-02	7.688271e-17	2.894419e-16	3.113428e-16	0.000000e+00	
2.179407e-02	7.658422e-17	2.876986e-16	3.073190e-16	0.000000e+00	
2.199593e-02	7.628294e-17	2.859523e-16	3.033341e-16	0.000000e+00	
2.219966e-02	7.597882e-17	2.842032e-16	2.993879e-16	0.000000e+00	
2.240528e-02	7.567180e-17	2.824513e-16	2.954801e-16	0.000000e+00	
2.261280e-02	7.536182e-17	2.806969e-16	2.916107e-16	0.000000e+00	
2.282224e-02	7.504885e-17	2.789400e-16	2.877795e-16	0.000000e+00	
2.303363e-02	7.473285e-17	2.771809e-16	2.839862e-16	0.000000e+00	
2.324697e-02	7.441378e-17	2.754195e-16	2.802307e-16	0.000000e+00	
2.346229e-02	7.409162e-17	2.736562e-16	2.765128e-16	0.000000e+00	
2.367960e-02	7.376635e-17	2.718910e-16	2.728324e-16	0.000000e+00	
2.389893e-02	7.343793e-17	2.701240e-16	2.691891e-16	0.000000e+00	
2.412028e-02	7.310635e-17	2.683554e-16	2.655829e-16	0.000000e+00	
2.434369e-02	7.277159e-17	2.665853e-16	2.620134e-16	0.000000e+00	
2.456916e-02	7.243364e-17	2.648139e-16	2.584807e-16	0.000000e+00	
2.479673e-02	7.209248e-17	2.630413e-16	2.549843e-16	0.000000e+00	
2.502640e-02	7.174811e-17	2.612676e-16	2.515242e-16	0.000000e+00	
2.525820e-02	7.140051e-17	2.594930e-16	2.481001e-16	0.000000e+00	
2.549215e-02	7.104967e-17	2.577176e-16	2.447119e-16	0.000000e+00	
2.572826e-02	7.069559e-17	2.559415e-16	2.413593e-16	0.000000e+00	
2.596656e-02	7.033827e-17	2.541649e-16	2.380421e-16	0.000000e+00	
2.620707e-02	6.997771e-17	2.523880e-16	2.347601e-16	0.000000e+00	
2.644980e-02	6.961389e-17	2.506107e-16	2.315131e-16	0.000000e+00	
2.669478e-02	6.924683e-17	2.488334e-16	2.283009e-16	0.000000e+00	
2.694204e-02	6.887652e-17	2.470561e-16	2.251232e-16	0.000000e+00	
2.719158e-02	6.850297e-17	2.452789e-16	2.219800e-16	0.000000e+00	
2.744343e-02	6.812618e-17	2.435021e-16	2.188709e-16	0.000000e+00	
2.769762e-02	6.774616e-17	2.417256e-16	2.157957e-16	0.000000e+00	
2.795416e-02	6.736292e-17	2.399497e-16	2.127542e-16	0.000000e+00	
2.821308e-02	6.697646e-17	2.381745e-16	2.097463e-16	0.000000e+00	
2.847439e-02	6.658679e-17	2.364001e-16	2.067716e-16	0.000000e+00	
2.873813e-02	6.619393e-17	2.346266e-16	2.038300e-16	0.000000e+00	
2.900430e-02	6.579788e-17	2.328543e-16	2.009212e-16	0.000000e+00	
2.927295e-02	6.539866e-17	2.310831e-16	1.980451e-16	0.000000e+00	
2.954408e-02	6.499629e-17	2.293133e-16	1.952013e-16	0.000000e+00	
2.981772e-02	6.459078e-17	2.275449e-16	1.923897e-16	0.000000e+00	
3.009390e-02	6.418214e-17	2.257782e-16	1.896101e-16	0.000000e+00	
3.037264e-02	6.377040e-17	2.240132e-16	1.868622e-16	0.000000e+00	
3.065395e-02	6.335557e-17	2.222500e-16	1.841458e-16	0.000000e+00	
3.093788e-02	6.293768e-17	2.204888e-16	1.814607e-16	0.000000e+00	
3.122443e-02	6.251674e-17	2.187298e-16	1.788066e-16	0.000000e+00	
3.151363e-02	6.209278e-17	2.169729e-16	1.761833e-16	0.000000e+00	
3.180552e-02	6.166582e-17	2.152184e-16	1.735907e-16	0.000000e+00	
3.210011e-02	6.123589e-17	2.134665e-16	1.710284e-16	0.000000e+00	
3.239743e-02	6.080301e-17	2.117171e-16	1.684962e-16	0.000000e+00	
3.269750e-02	6.036721e-17	2.099704e-16	1.659939e-16	0.000000e+00	
3.300035e-02	5.992852e-17	2.082266e-16	1.635214e-16	0.000000e+00	
3.330600e-02	5.948697e-17	2.064858e-16	1.610782e-16	0.000000e+00	
3.361449e-02	5.904258e-17	2.047480e-16	1.586643e-16	0.000000e+00	
3.392583e-02	5.859540e-17	2.030135e-16	1.562794e-16	0.000000e+00	
3.424006e-02	5.814545e-17	2.012823e-16	1.539233e-16	0.000000e+00	
3.455720e-02	5.769276e-17	1.995545e-16	1.515956e-16	0.000000e+00	
3.487727e-02	5.723738e-17	1.978304e-16	1.492963e-16	0.000000e+00	
3.520031e-02	5.677933e-17	1.961099e-16	1.470250e-16	0.000000e+00	
3.552635e-02	5.631866e-17	1.943931e-16	1.447816e-16	0.000000e+00	
3.585540e-02	5.585540e-17	1.926803e-16	1.425658e-16	0.000000e+00	
3.618750e-02	5.538960e-17	1.909716e-16	1.403774e-16	0.000000e+00	
3.652267e-02	5.492129e-17	1.892669e-16	1.382161e-16	0.000000e+00	
3.686095e-02	5.445052e-17	1.875665e-16	1.360818e-16	0.000000e+00	
3.720237e-02	5.397733e-17	1.858705e-16	1.339741e-16	0.000000e+00	
3.754694e-02	5.350176e-17	1.841789e-16	1.318929e-16	0.000000e+00	
3.789471e-02	5.302387e-17	1.824919e-16	1.298379e-16	0.000000e+00	
3.824570e-02	5.254369e-17	1.808095e-16	1.278089e-16	0.000000e+00	
3.859994e-02	5.206128e-17	1.791320e-16	1.258057e-16	0.000000e+00	
3.895746e-02	5.157669e-17	1.774593e-16	1.238281e-16	0.000000e+00	
3.931829e-02	5.108996e-17	1.757917e-16	1.218757e-16	0.000000e+00	
3.968246e-02	5.060116e-17	1.741291e-16	1.199485e-16	0.000000e+00	
4.005001e-02	5.011032e-17	1.724718e-16	1.180461e-16	0.000000e+00	
4.042096e-02	4.961751e-17	1.708197e-16	1.161683e-16	0.000000e+00	
4.079535e-02	4.912279e-17	1.691730e-16	1.143150e-16	0.000000e+00	
4.117320e-02	4.862620e-17	1.675318e-16	1.124858e-16	0.000000e+00	
4.155455e-02	4.812782e-17	1.658963e-16	1.106806e-16	0.000000e+00	
4.193944e-02	4.762770e-17	1.642664e-16	1.088991e-16	0.000000e+00	
4.232789e-02	4.712589e-17	1.626423e-16	1.071412e-16	0.000000e+00	
4.271994e-02	4.662247e-17	1.610240e-16	1.054065e-16	0.000000e+00	
4.311562e-02	4.611750e-17	1.594118e-16	1.036949e-16	0.000000e+00	
4.351497e-02	4.561105e-17	1.578056e-16	1.020061e-16	0.000000e+00	
4.391801e-02	4.510317e-17	1.562055e-16	1.003399e-16	0.000000e+00	
4.432479e-02	4.459395e-17	1.546117e-16	9.869612e-17	0.000000e+00	
4.473533e-02	4.408344e-17	1.530242e-16	9.707452e-17	0.000000e+00	
4.514968e-02	4.357173e-17	1.514432e-16	9.547488e-17	0.000000e+00	
4.556786e-02	4.305888e-17	1.498686e-16	9.389698e-17	0.000000e+00	
4.598992e-02	4.254497e-17	1.483006e-16	9.234060e-17	0.000000e+00	
4.641589e-02	4.203007e-17	1.467393e-16	9.080552e-17	0.000000e+00	
4.684580e-02	4.151427e-17	1.451847e-16	8.929152e-17	0.000000e+00	
4.727970e-02	4.099764e-17	1.436370e-16	8.779840e-17	0.000000e+00	
4.771761e-02	4.048026e-17	1.420961e-16	8.632594e-17	0.000000e+00	
4.815958e-02	3.996222e-17	1.405622e-16	8.487393e-17	0.000000e+00	
4.860564e-02	3.944360e-17	1.390354e-16	8.344214e-17	0.000000e+00	
4.905584e-02	3.892448e-17	1.375158e-16	8.203038e-17	0.000000e+00	
4.951020e-02	3.840496e-17	1.360033e-16	8.063843e-17	0.000000e+00	
4.996877e-02	3.788511e-17	1.344982e-16	7.926608e-17	0.000000e+00	
5.043159e-02	3.736504e-17	1.330003e-16	7.791312e-17	0.000000e+00	
5.089870e-02	3.684483e-17	1.315099e-16	7.657934e-17	0.000000e+00	
5.137014e-02	3.632458e-17	1.300270e-16	7.526455e-17	0.000000e+00	
5.184594e-02	3.580437e-17	1.285517e-16	7.396853e-17	0.000000e+00	
5.232614e-02	3.528432e-17	1.270840e-16	7.269108e-17	0.000000e+00	
5.281080e-02	3.476451e-17	1.256239e-16	7.143199e-17	0.000000e+00	
5.329994e-02	3.424506e-17	1.241717e-16	7.019107e-17	0.000000e+00	
5.379362e-02	3.372605e-17	1.227272e-16	6.896812e-17	0.000000e+00	
5.429186e-02	3.320759e-17	1.212906e-16	6.776293e-17	0.000000e+00	
5.479472e-02	3.268979e-17	1.198620e-16	6.657530e-17	0.000000e+00	
5.530224e-02	3.217276e-17	1.184413e-16	6.540504e-17	0.000000e+00	
5.581446e-02	3.165660e-17	1.170287e-16	6.425195e-17	0.000000e+00	
5.633143e-02	3.114142e-17	1.156243e-16	6.311585e-17	0.000000e+00	
5.685318e-02	3.062733e-17	1.142279e-16	6.199652e-17	0.000000e+00	
5.737976e-02	3.011445e-17	1.128398e-16	6.089378e-17	0.000000e+00	
5.791123e-02	2.960289e-17	1.114600e-16	5.980745e-17	0.000000e+00	
5.844761e-02	2.909277e-17	1.100885e-16	5.873732e-17	0.000000e+00	
5.898896e-02	2.858420e-17	1.087253e-16	5.768322e-17	0.000000e+00	
5.953533e-02	2.807730e-17	1.073706e-16	5.664495e-17	0.000000e+00	
6.008676e-02	2.757220e-17	1.060243e-16	5.562232e-17	0.000000e+00	
6.064329e-02	2.706900e-17	1.046866e-16	5.461516e-17	0.000000e+00	
6.120498e-02	2.656785e-17	1.033574e-16	5.362327e-17	0.000000e+00	
6.177188e-02	2.606885e-17	1.020368e-16	5.264648e-17	0.000000e+00	
6.234402e-02	2.557213e-17	1.007248e-16	5.168461e-17	0.000000e+00	
6.292146e-02	2.507782e-17	9.942154e-17	5.073747e-17	0.000000e+00	
6.350425e-02	2.458605e-17	9.812698e-17	4.980489e-17	0.000000e+00	
6.409244e-02	2.409694e-17	9.684118e-17	4.888668e-17	0.000000e+00	
6.468608e-02	2.361063e-17	9.556417e-17	4.798268e-17	0.000000e+00	
6.528521e-02	2.312723e-17	9.429600e-17	4.709272e-17	0.000000e+00	
6.588990e-02	2.264688e-17	9.303669e-17	4.621660e-17	0.000000e+00	
6.650018e-02	2.216972e-17	9.178628e-17	4.535417e-17	0.000000e+00	
6.711612e-02	2.169586e-17	9.054479e-17	4.450526e-17	0.000000e+00	
6.773776e-02	2.122545e-17	8.931227e-17	4.366969e-17	0.000000e+00	
6.836516e-02	2.075861e-17	8.808874e-17	4.284730e-17	0.000000e+00	
6.899837e-02	2.029547e-17	8.687423e-17	4.203791e-17	0.000000e+00	
6.963745e-02	1.983617e-17	8.566877e-17	4.124138e-17	0.000000e+00	
7.028244e-02	1.938084e-17	8.447238e-17	4.045753e-17	0.000000e+00	
7.093341e-02	1.892960e-17	8.328509e-17	3.968620e-17	0.000000e+00	
7.159041e-02	1.848259e-17	8.210691e-17	3.892723e-17	0.000000e+00	
7.225349e-02	1.803994e-17	8.093789e-17	3.818046e-17	0.000000e+00	
7.292272e-02	1.760177e-17	7.977802e-17	3.744573e-17	0.000000e+00	
7.359814e-02	1.716822e-17	7.862735e-17	3.672288e-17	0.000000e+00	
7.427982e-02	1.673940e-17	7.748587e-17	3.601177e-17	0.000000e+00	
7.496782e-02	1.631545e-17	7.635362e-17	3.531224e-17	0.000000e+00	
7.566219e-02	1.589649e-17	7.523061e-17	3.462413e-17	0.000000e+00	
7.636298e-02	1.548264e-17	7.411685e-17	3.394729e-17	0.000000e+00	
7.707027e-02	1.507402e-17	7.301236e-17	3.328158e-17	0.000000e+00	
7.778411e-02	1.467075e-17	7.191715e-17	3.262684e-17	0.000000e+00	
7.850456e-02	1.427294e-17	7.083124e-17	3.198293e-17	0.000000e+00	
7.923169e-02	1.388071e-17	6.975464e-17	3.134970e-17	0.000000e+00	
7.996555e-02	1.349416e-17	6.868735e-17	3.072701e-17	0.000000e+00	
8.070620e-02	1.311341e-17	6.762939e-17	3.011471e-17	0.000000e+00	
8.145372e-02	1.273856e-17	6.658076e-17	2.951268e-17	0.000000e+00	
8.220816e-02	1.236971e-17	6.554147e-17	2.892075e-17	0.000000e+00	
8.296959e-02	1.200695e-17	6.451152e-17	2.833880e-17	0.000000e+00	
8.373807e-02	1.165038e-17	6.349093e-17	2.776669e-17	0.000000e+00	
8.451366e-02	1.130009e-17	6.247969e-17	2.720428e-17	0.000000e+00	
8.529644e-02	1.095616e-17	6.147781e-17	2.665144e-17	0.000000e+00	
8.608648e-02	1.061867e-17	6.048529e-17	2.610804e-17	0.000000e+00	
8.688383e-02	1.028770e-17	5.950213e-17	2.557393e-17	0.000000e+00	
8.768856e-02	9.963312e-18	5.852834e-17	2.504900e-17	0.000000e+00	
8.850075e-02	9.645571e-18	5.756389e-17	2.453312e-17	0.000000e+00	
8.932046e-02	9.334538e-18	5.660881e-17	2.402615e-17	0.000000e+00	
9.014776e-02	9.030264e-18	5.566308e-17	2.352797e-17	0.000000e+00	
9.098273e-02	8.732794e-18	5.472670e-17	2.303845e-17	0.000000e+00	
9.182543e-02	8.442168e-18	5.379966e-17	2.255747e-17	0.000000e+00	
9.267593e-02	8.158419e-18	5.288197e-17	2.208491e-17	0.000000e+00	
9.353432e-02	7.881572e-18	5.197360e-17	2.162065e-17	0.000000e+00	
9.440065e-02	7.611646e-18	5.107456e-17	2.116457e-17	0.000000e+00	
9.527500e-02	7.348652e-18	5.018483e-17	2.071654e-17	0.000000e+00	
9.615746e-02	7.092592e-18	4.930440e-17	2.027646e-17	0.000000e+00	
9.704809e-02	6.843462e-18	4.843327e-17	1.984420e-17	0.000000e+00	
9.794697e-02	6.601249e-18	4.757143e-17	1.941965e-17	0.000000e+00	
9.885417e-02	6.365931e-18	4.671885e-17	1.900270e-17	0.000000e+00	
9.976978e-02	6.137479e-18	4.587553e-17	1.859323e-17	0.000000e+00	
1.006939e-01	5.915853e-18	4.504145e-17	1.819114e-17	0.000000e+00	
1.016265e-01	5.701007e-18	4.421660e-17	1.779632e-17	0.000000e+00	
1.025678e-01	5.492883e-18	4.340096e-17	1.740865e-17	0.000000e+00	
1.035178e-01	5.291416e-18	4.259452e-17	1.702804e-17	0.000000e+00	
1.044766e-01	5.096529e-18	4.179725e-17	1.665437e-17	0.000000e+00	
1.054443e-01	4.908138e-18	4.100914e-17	1.628754e-17	0.000000e+00	
1.064209e-01	4.726147e-18	4.023017e-17	1.592744e-17	0.000000e+00	
1.074066e-01	4.550454e-18	3.946032e-17	1.557398e-17	0.000000e+00	
1.084014e-01	4.380943e-18	3.869956e-17	1.522706e-17	0.000000e+00	
1.094055e-01	4.217490e-18	3.794788e-17	1.488657e-17	0.000000e+00	
1.104188e-01	4.059962e-18	3.720526e-17	1.455241e-17	0.000000e+00	
1.114415e-01	3.908216e-18	3.647166e-17	1.422450e-17	0.000000e+00	
1.124737e-01	3.762097e-18	3.574707e-17	1.390273e-17	0.000000e+00	
1.135155e-01	3.621444e-18	3.503146e-17	1.358701e-17	0.000000e+00	
1.145669e-01	3.486083e-18	3.432481e-17	1.327724e-17	0.000000e+00	
1.156280e-01	3.355834e-18	3.362708e-17	1.297333e-17	0.000000e+00	
1.166990e-01	3.230506e-18	3.293825e-17	1.267519e-17	0.000000e+00	
1.177799e-01	3.109899e-18	3.225830e-17	1.238274e-17	0.000000e+00	
1.188708e-01	2.993807e-18	3.158719e-17	1.209588e-17	0.000000e+00	
1.199718e-01	2.882013e-18	3.092489e-17	1.181452e-17	0.000000e+00	
1.210830e-01	2.774295e-18	3.027137e-17	1.153857e-17	0.000000e+00	
1.222045e-01	2.670426e-18	2.962661e-17	1.126796e-17	0.000000e+00	
1.233363e-01	2.570169e-18	2.899056e-17	1.100260e-17	0.000000e+00	
1.244787e-01	2.473289e-18	2.836320e-17	1.074239e-17	0.000000e+00	
1.256317e-01	2.379544e-18	2.774450e-17	1.048727e-17	0.000000e+00	
1.267953e-01	2.288696e-18	2.713441e-17	1.023715e-17	0.000000e+00	
1.279697e-01	2.200510e-18	2.653291e-17	9.991945e-18	0.000000e+00	
1.291550e-01	2.114772e-18	2.593995e-17	9.751581e-18	0.000000e+00	
1.303512e-01	2.031362e-18	2.535550e-17	9.515977e-18	0.000000e+00	
1.315586e-01	1.950247e-18	2.477953e-17	9.285058e-18	0.000000e+00	
1.327771e-01	1.871399e-18	2.421200e-17	9.058747e-18	0.000000e+00	
1.340069e-01	1.794788e-18	2.365286e-17	8.836969e-18	0.000000e+00	
1.352481e-01	1.720384e-18	2.310208e-17	8.619650e-18	0.000000e+00	
1.365008e-01	1.648157e-18	2.255962e-17	8.406716e-18	0.000000e+00	
1.377651e-01	1.578076e-18	2.202543e-17	8.198095e-18	0.000000e+00	
1.390411e-01	1.510109e-18	2.149948e-17	7.993717e-18	0.000000e+00	
1.403289e-01	1.444226e-18	2.098172e-17	7.793511e-18	0.000000e+00	
1.416287e-01	1.380393e-18	2.047211e-17	7.597408e-18	0.000000e+00	
1.429405e-01	1.318577e-18	1.997060e-17	7.405339e-18	0.000000e+00	
1.442644e-01	1.258747e-18	1.947716e-17	7.217237e-18	0.000000e+00	
1.456006e-01	1.200867e-18	1.899173e-17	7.033037e-18	0.000000e+00	
1.469492e-01	1.144906e-18	1.851427e-17	6.852671e-18	0.000000e+00	
1.483103e-01	1.090827e-18	1.804473e-17	6.676076e-18	0.000000e+00	
1.496839e-01	1.038598e-18	1.758306e-17	6.503188e-18	0.000000e+00	
1.510703e-01	9.881833e-19	1.712922e-17	6.333944e-18	0.000000e+00	
1.524696e-01	9.395481e-19	1.668316e-17	6.168282e-18	0.000000e+00	
1.538818e-01	8.926573e-19	1.624483e-17	6.006142e-18	0.000000e+00	
1.553071e-01	8.474757e-19	1.581417e-17	5.847462e-18	0.000000e+00	
1.567455e-01	8.039678e-19	1.539114e-17	5.692184e-18	0.000000e+00	
1.581973e-01	7.620980e-19	1.497568e-17	5.540250e-18	0.000000e+00	
1.596626e-01	7.218307e-19	1.456775e-17	5.391601e-18	0.000000e+00	
1.611414e-01	6.831300e-19	1.416728e-17	5.246180e-18	0.000000e+00	
1.626340e-01	6.459602e-19	1.377423e-17	5.103932e-18	0.000000e+00	
1.641403e-01	6.102853e-19	1.338853e-17	4.964802e-18	0.000000e+00	
1.656606e-01	5.760694e-19	1.301014e-17	4.828734e-18	0.000000e+00	
1.671950e-01	5.432766e-19	1.263899e-17	4.695677e-18	0.000000e+00	
1.687436e-01	5.118712e-19	1.227503e-17	4.565575e-18	0.000000e+00	
1.703065e-01	4.818173e-19	1.191821e-17	4.438378e-18	0.000000e+00	
1.718839e-01	4.530792e-19	1.156846e-17	4.314034e-18	0.000000e+00	
1.734759e-01	4.256215e-19	1.122572e-17	4.192493e-18	0.000000e+00	
1.750827e-01	3.994086e-19	1.088994e-17	4.073704e-18	0.000000e+00	
1.767044e-01	3.744054e-19	1.056105e-17	3.957619e-18	0.000000e+00	
1.783410e-01	3.505767e-19	1.023899e-17	3.844190e-18	0.000000e+00	
1.799929e-01	3.278877e-19	9.923700e-18	3.733367e-18	0.000000e+00	
1.816600e-01	3.063038e-19	9.615119e-18	3.625106e-18	0.000000e+00	
1.833425e-01	2.857906e-19	9.313180e-18	3.519358e-18	0.000000e+00	
1.850407e-01	2.663141e-19	9.017821e-18	3.416079e-18	0.000000e+00	
1.867546e-01	2.478405e-19	8.728976e-18	3.315224e-18	0.000000e+00	
1.884843e-01	2.303364e-19	8.446579e-18	3.216748e-18	0.000000e+00	
1.902301e-01	2.137686e-19	8.170563e-18	3.120609e-18	0.000000e+00	
1.919921e-01	1.981046e-19	7.900863e-18	3.026762e-18	0.000000e+00	
1.937703e-01	1.833118e-19	7.637409e-18	2.935165e-18	0.000000e+00	
1.955651e-01	1.693586e-19	7.380133e-18	2.845778e-18	0.000000e+00	
1.973764e-01	1.562133e-19	7.128966e-18	2.758558e-18	0.000000e+00	
1.992046e-01	1.438450e-19	6.883839e-18	2.673466e-18	0.000000e+00	
2.010496e-01	1.322230e-19	6.644681e-18	2.590461e-18	0.000000e+00	
2.029118e-01	1.213174e-19	6.411420e-18	2.509504e-18	0.000000e+00	
2.047912e-01	1.110986e-19	6.183985e-18	2.430557e-18	0.000000e+00	
2.066880e-01	1.015375e-19	5.962303e-18	2.353581e-18	0.000000e+00	
2.086024e-01	9.260562e-20	5.746302e-18	2.278539e-18	0.000000e+00	
2.105345e-01	8.427498e-20	5.535908e-18	2.205395e-18	0.000000e+00	
2.124845e-01	7.651819e-20	5.331046e-18	2.134111e-18	0.000000e+00	
2.144526e-01	6.930845e-20	5.131641e-18	2.064651e-18	0.000000e+00	
2.164389e-01	6.261950e-20	4.937619e-18	1.996981e-18	0.000000e+00	
2.184436e-01	5.642574e-20	4.748903e-18	1.931066e-18	0.000000e+00	
2.204669e-01	5.070212e-20	4.565417e-18	1.866871e-18	0.000000e+00	
2.225089e-01	4.542426e-20	4.387084e-18	1.804362e-18	0.000000e+00	
2.245698e-01	4.056838e-20	4.213827e-18	1.743507e-18	0.000000e+00	
2.266498e-01	3.611136e-20	4.045567e-18	1.684272e-18	0.000000e+00	
2.287491e-01	3.203070e-20	3.882226e-18	1.626626e-18	0.000000e+00	
2.308678e-01	2.830457e-20	3.723725e-18	1.570536e-18	0.000000e+00	
2.330061e-01	2.491178e-20	3.569986e-18	1.515971e-18	0.000000e+00	
2.351643e-01	2.183182e-20	3.420928e-18	1.462901e-18	0.000000e+00	
2.373424e-01	1.904482e-20	3.276471e-18	1.411295e-18	0.000000e+00	
2.395407e-01	1.653161e-20	3.136536e-18	1.361123e-18	0.000000e+00	
2.417594e-01	1.427364e-20	3.001042e-18	1.312356e-18	0.000000e+00	
2.439986e-01	1.225308e-20	2.869907e-18	1.264964e-18	0.000000e+00	
2.462586e-01	1.045273e-20	2.743051e-18	1.218919e-18	0.000000e+00	
2.485395e-01	8.856085e-21	2.620392e-18	1.174193e-18	0.000000e+00	
2.508415e-01	7.447284e-21	2.501850e-18	1.130758e-18	0.000000e+00	
2.531648e-01	6.211141e-21	2.387341e-18	1.088588e-18	0.000000e+00	
2.555097e-01	5.133129e-21	2.276785e-18	1.047653e-18	0.000000e+00	
2.578763e-01	4.199375e-21	2.170100e-18	1.007930e-18	0.000000e+00	
2.602648e-01	3.396658e-21	2.067204e-18	9.693902e-19	0.000000e+00	
2.626754e-01	2.712399e-21	1.968015e-18	9.320092e-19	0.000000e+00	
2.651084e-01	2.134661e-21	1.872451e-18	8.957614e-19	0.000000e+00	
2.675638e-01	1.652137e-21	1.780430e-18	8.606218e-19	0.000000e+00	
2.700421e-01	1.254144e-21	1.691871e-18	8.265658e-19	0.000000e+00	
2.725433e-01	9.306147e-22	1.606693e-18	7.935692e-19	0.000000e+00	
2.750676e-01	6.720903e-22	1.524813e-18	7.616081e-19	0.000000e+00	
2.776153e-01	4.697108e-22	1.446152e-18	7.306590e-19	0.000000e+00	
2.801867e-01	3.152069e-22	1.370627e-18	7.006988e-19	0.000000e+00	
2.827818e-01	2.008913e-22	1.298159e-18	6.717047e-19	0.000000e+00	
2.854010e-01	1.196511e-22	1.228668e-18	6.436541e-19	0.000000e+00	
2.880444e-01	6.494110e-23	1.162074e-18	6.165251e-19	0.000000e+00	
2.907123e-01	3.077944e-23	1.098298e-18	5.902957e-19	0.000000e+00	
2.934050e-01	1.174714e-23	1.037261e-18	5.649445e-19	0.000000e+00	
2.961225e-01	2.995548e-24	9.788850e-19	5.404504e-19	0.000000e+00	
2.988653e-01	2.714969e-25	9.230922e-19	5.167926e-19	0.000000e+00	
3.016334e-01	0.000000e+00	8.698060e-19	4.939505e-19	0.000000e+00	
3.044272e-01	0.000000e+00	8.189499e-19	4.719041e-19	0.000000e+00	
3.072469e-01	0.000000e+00	7.704487e-19	4.506333e-19	0.000000e+00	
3.100927e-01	0.000000e+00	7.242274e-19	4.301186e-19	0.000000e+00	
3.129648e-01	0.000000e+00	6.802122e-19	4.103408e-19	0.000000e+00	
3.158635e-01	0.000000e+00	6.383301e-19	3.912808e-19	0.000000e+00	
3.187891e-01	0.000000e+00	5.985089e-19	3.729201e-19	0.000000e+00	
3.217418e-01	0.000000e+00	5.606775e-19	3.552401e-19	0.000000e+00	
3.247218e-01	0.000000e+00	5.247656e-19	3.382228e-19	0.000000e+00	
3.277295e-01	0.000000e+00	4.907041e-19	3.218505e-19	0.000000e+00	
3.307650e-01	0.000000e+00	4.584249e-19	3.061054e-19	0.000000e+00	
3.338286e-01	0.000000e+00	4.278610e-19	2.909705e-19	0.000000e+00	
3.369206e-01	0.000000e+00	3.989466e-19	2.764288e-19	0.000000e+00	
3.400412e-01	0.000000e+00	3.716171e-19	2.624635e-19	0.000000e+00	
3.431907e-01	0.000000e+00	3.458090e-19	2.490582e-19	0.000000e+00	
3.463694e-01	0.000000e+00	3.214602e-19	2.361968e-19	0.000000e+00	
3.495776e-01	0.000000e+00	2.985099e-19	2.238634e-19	0.000000e+00	
3.528154e-01	0.000000e+00	2.768984e-19	2.120424e-19	0.000000e+00	
3.560833e-01	0.000000e+00	2.565676e-19	2.007185e-19	0.000000e+00	
3.593814e-01	0.000000e+00	2.374607e-19	1.898765e-19	0.000000e+00	
3.627100e-01	0.000000e+00	2.195222e-19	1.795017e-19	0.000000e+00	
3.660695e-01	0.000000e+00	2.026980e-19	1.695795e-19	0.000000e+00	
3.694601e-01	0.000000e+00	1.869357e-19	1.600957e-19	0.000000e+00	
3.728821e-01	0.000000e+00	1.721840e-19	1.510361e-19	0.000000e+00	
3.763358e-01	0.000000e+00	1.583934e-19	1.423870e-19	0.000000e+00	
3.798215e-01	0.000000e+00	1.455156e-19	1.341349e-19	0.000000e+00	
3.833395e-01	0.000000e+00	1.335040e-19	1.262666e-19	0.000000e+00	
3.868901e-01	0.000000e+00	1.223133e-19	1.187690e-19	0.000000e+00	
3.904735e-01	0.000000e+00	1.119000e-19	1.116294e-19	0.000000e+00	
3.940902e-01	0.000000e+00	1.022218e-19	1.048352e-19	0.000000e+00	
3.977403e-01	0.000000e+00	9.323805e-20	9.837430e-20	0.000000e+00	
4.014242e-01	0.000000e+00	8.490957e-20	9.223464e-20	0.000000e+00	
4.051423e-01	0.000000e+00	7.719868e-20	8.640449e-20	0.000000e+00	
4.088948e-01	0.000000e+00	7.006918e-20	8.087235e-20	0.000000e+00	
4.126821e-01	0.000000e+00	6.348635e-20	7.562698e-20	0.000000e+00	
4.165044e-01	0.000000e+00	5.741691e-20	7.065740e-20	0.000000e+00	
4.203622e-01	0.000000e+00	5.182902e-20	6.595286e-20	0.000000e+00	
4.242556e-01	0.000000e+00	4.669228e-20	6.150287e-20	0.000000e+00	
4.281852e-01	0.000000e+00	4.197766e-20	5.729718e-20	0.000000e+00	
4.321511e-01	0.000000e+00	3.765750e-20	5.332579e-20	0.000000e+00	
4.361538e-01	0.000000e+00	3.370550e-20	4.957895e-20	0.000000e+00	
4.401935e-01	0.000000e+00	3.009665e-20	4.604715e-20	0.000000e+00	
4.442707e-01	0.000000e+00	2.680723e-20	4.272112e-20	0.000000e+00	
4.483856e-01	0.000000e+00	2.381475e-20	3.959185e-20	0.000000e+00	
4.525386e-01	0.000000e+00	2.109794e-20	3.665055e-20	0.000000e+00	
4.567301e-01	0.000000e+00	1.863667e-20	3.388869e-20	0.000000e+00	
4.609604e-01	0.000000e+00	1.641196e-20	3.129797e-20	0.000000e+00	
4.652300e-01	0.000000e+00	1.440590e-20	2.887034e-20	0.000000e+00	
4.695390e-01	0.000000e+00	1.260162e-20	2.659798e-20	0.000000e+00	
4.738880e-01	0.000000e+00	1.098324e-20	2.447331e-20	0.000000e+00	
4.782772e-01	0.000000e+00	9.535816e-21	2.248897e-20	0.000000e+00	
4.827071e-01	0.000000e+00	8.245323e-21	2.063786e-20	0.000000e+00	
4.871780e-01	0.000000e+00	7.098569e-21	1.891310e-20	0.000000e+00	
4.916904e-01	0.000000e+00	6.083171e-21	1.730803e-20	0.000000e+00	
4.962445e-01	0.000000e+00	5.187500e-21	1.581623e-20	0.000000e+00	
5.008408e-01	0.000000e+00	4.400640e-21	1.443151e-20	0.000000e+00	
5.054797e-01	0.000000e+00	3.712358e-21	1.314789e-20	0.000000e+00	
5.101615e-01	0.000000e+00	3.113085e-21	1.195962e-20	0.000000e+00	
5.148867e-01	0.000000e+00	2.593888e-21	1.086116e-20	0.000000e+00	
5.196557e-01	0.000000e+00	2.146458e-21	9.847202e-21	0.000000e+00	
5.244689e-01	0.000000e+00	1.763080e-21	8.912637e-21	0.000000e+00	
5.293266e-01	0.000000e+00	1.436615e-21	8.052569e-21	0.000000e+00	
5.342293e-01	0.000000e+00	1.160474e-21	7.262312e-21	0.000000e+00	
5.391775e-01	0.000000e+00	9.285999e-22	6.537379e-21	0.000000e+00	
5.441714e-01	0.000000e+00	7.354396e-22	5.873487e-21	0.000000e+00	
5.492116e-01	0.000000e+00	5.759251e-22	5.266546e-21	0.000000e+00	
5.542986e-01	0.000000e+00	4.454497e-22	4.712659e-21	0.000000e+00	
5.594326e-01	0.000000e+00	3.398458e-22	4.208118e-21	0.000000e+00	
5.646141e-01	0.000000e+00	2.553637e-22	3.749399e-21	0.000000e+00	
5.698437e-01	0.000000e+00	1.886503e-22	3.333157e-21	0.000000e+00	
5.751217e-01	0.000000e+00	1.367284e-22	2.956223e-21	0.000000e+00	
5.804486e-01	0.000000e+00	9.697516e-23	2.615599e-21	0.000000e+00	
5.858248e-01	0.000000e+00	6.710004e-23	2.308452e-21	0.000000e+00	
5.912508e-01	0.000000e+00	4.512267e-23	2.032113e-21	0.000000e+00	
5.967271e-01	0.000000e+00	2.935017e-23	1.784067e-21	0.000000e+00	
6.022541e-01	0.000000e+00	1.835427e-23	1.561952e-21	0.000000e+00	
6.078323e-01	0.000000e+00	1.094827e-23	1.363551e-21	0.000000e+00	
6.134622e-01	0.000000e+00	6.163853e-24	1.186791e-21	0.000000e+00	
6.191442e-01	0.000000e+00	3.228036e-24	1.029732e-21	0.000000e+00	
6.248788e-01	0.000000e+00	1.540069e-24	8.905668e-22	0.000000e+00	
6.306666e-01	0.000000e+00	6.486185e-25	7.676141e-22	0.000000e+00	
6.365079e-01	0.000000e+00	2.292150e-25	6.593120e-22	0.000000e+00	
6.424034e-01	0.000000e+00	6.212142e-26	5.642141e-22	0.000000e+00	
6.483534e-01	0.000000e+00	1.074217e-26	4.809838e-22	0.000000e+00	
6.543586e-01	0.000000e+00	7.306867e-28	4.083887e-22	0.000000e+00	
6.604194e-01	0.000000e+00	1.822392e-30	3.452958e-22	0.000000e+00	
6.665363e-01	0.000000e+00	0.000000e+00	2.906661e-22	0.000000e+00	
6.727099e-01	0.000000e+00	0.000000e+00	2.435492e-22	0.000000e+00	
6.789407e-01	0.000000e+00	0.000000e+00	2.030787e-22	0.000000e+00	
6.852292e-01	0.000000e+00	0.000000e+00	1.684669e-22	0.000000e+00	
6.915759e-01	0.000000e+00	0.000000e+00	1.389998e-22	0.000000e+00	
6.979814e-01	0.000000e+00	0.000000e+00	1.140326e-22	0.000000e+00	
7.044462e-01	0.000000e+00	0.000000e+00	9.298483e-23	0.000000e+00	
7.109709e-01	0.000000e+00	0.000000e+00	7.533598e-23	0.000000e+00	
7.175561e-01	0.000000e+00	0.000000e+00	6.062086e-23	0.000000e+00	
7.242022e-01	0.000000e+00	0.000000e+00	4.842555e-23	0.000000e+00	
7.309099e-01	0.000000e+00	0.000000e+00	3.838326e-23	0.000000e+00	
7.376798e-01	0.000000e+00	0.000000e+00	3.017041e-23	0.000000e+00	
7.445123e-01	0.000000e+00	0.000000e+00	2.350285e-23	0.000000e+00	
7.514081e-01	0.000000e+00	0.000000e+00	1.813238e-23	0.000000e+00	
7.583678e-01	0.000000e+00	0.000000e+00	1.384329e-23	0.000000e+00	
7.653919e-01	0.000000e+00	0.000000e+00	1.044919e-23	0.000000e+00	
7.724811e-01	0.000000e+00	0.000000e+00	7.790006e-24	0.000000e+00	
7.796360e-01	0.000000e+00	0.000000e+00	5.729181e-24	0.000000e+00	
7.868572e-01	0.000000e+00	0.000000e+00	4.151012e-24	0.000000e+00	
7.941452e-01	0.000000e+00	0.000000e+00	2.958232e-24	0.000000e+00	
8.015007e-01	0.000000e+00	0.000000e+00	2.069748e-24	0.000000e+00	
8.089243e-01	0.000000e+00	0.000000e+00	1.418572e-24	0.000000e+00	
8.164168e-01	0.000000e+00	0.000000e+00	9.499212e-25	0.000000e+00	
8.239786e-01	0.000000e+00	0.000000e+00	6.195000e-25	0.000000e+00	
8.316104e-01	0.000000e+00	0.000000e+00	3.919377e-25	0.000000e+00	
8.393129e-01	0.000000e+00	0.000000e+00	2.393921e-25	0.000000e+00	
8.470868e-01	0.000000e+00	0.000000e+00	1.403016e-25	0.000000e+00	
8.549327e-01	0.000000e+00	0.000000e+00	7.828109e-26	0.000000e+00	
8.628513e-01	0.000000e+00	0.000000e+00	4.115198e-26	0.000000e+00	
8.708431e-01	0.000000e+00	0.000000e+00	2.009890e-26	0.000000e+00	
8.789091e-01	0.000000e+00	0.000000e+00	8.942788e-27	0.000000e+00	
8.870497e-01	0.000000e+00	0.000000e+00	3.522359e-27	0.000000e+00	
8.952657e-01	0.000000e+00	0.000000e+00	1.174961e-27	0.000000e+00	
9.035578e-01	0.000000e+00	0.000000e+00	3.083741e-28	0.000000e+00	
9.119268e-01	0.000000e+00	0.000000e+00	5.559416e-29	0.000000e+00	
9.203732e-01	0.000000e+00	0.000000e+00	5.141945e-30	0.000000e+00	
9.288979e-01	0.000000e+00	0.000000e+00	1.168590e-31	0.000000e+00	
9.375015e-01	0.000000e+00	0.000000e+00	9.159955e-34	0.000000e+00	
9.461848e-01	0.000000e+00	0.000000e+00	5.752543e-37	0.000000e+00	
9.549486e-01	0.000000e+00	0.000000e+00	0.000000e+00	0.000000e+00	
9.637935e-01	0.000000e+00	0.000000e+00	0.000000e+00	0.000000e+00	
9.727203e-01	0.000000e+00	0.000000e+00	0.000000e+00	0.000000e+00	
9.817298e-01	0.000000e+00	0.000000e+00	0.000000e+00	0.000000e+00	
9.908228e-01	0.000000e+00	0.000000e+00	0.000000e+00	0.000000e+00	
1.000000e+00	0.000000e+00	0.000000e+00	0.000000e+00	0.000000e+00	
